a = matrix(
[[ 0,  0,  0,  0,  0,  0],
[ 0,  0,  0,  0,  0,  0],
[ 0,  0,  0,  0,  1,  0],
[ 0,  0,  0,  0,  0,  1],
[ 0,  0, -1,  0,  0,  0],
[ 0,  0,  0, -1,  0,  0]])

f = matrix(
[[ 0,  0,  0,  0,  0,  0],
[ 0,  0,  0,  0,  0,  0],
[ 0,  0,  0,  1,  0,  0],
[ 0,  0, -1,  0,  0,  0],
[ 0,  0,  0,  0,  0,  1],
[ 0,  0,  0,  0, -1,  0]])

P = matrix(
[[   1,    0,    0,    0,    0,    0],
[   0,    1,    0,    0,    0,    0],
[   0,    0,    1,    0,    1,    0],
[   0,    0,    0,    1,    0,    1],
[   0,    0, -1*I,    0,  1*I,    0],
[   0,    0,    0, -1*I,    0,  1*I]])