[ 0.000000000000000  0.000000000000000  0.000000000000000  0.000000000000000  0.000000000000000   64.0000000000000  0.000000000000000  0.000000000000000  0.000000000000000  -896.000000000000]
[ 0.000000000000000  0.000000000000000  0.000000000000000  0.000000000000000  0.000000000000000  0.000000000000000  0.000000000000000  0.000000000000000  0.000000000000000  0.000000000000000]
[ 0.000000000000000   1.00000000000000  0.000000000000000  0.000000000000000  0.000000000000000  0.000000000000000  0.000000000000000  0.000000000000000  0.000000000000000  0.000000000000000]
[ 0.000000000000000  0.000000000000000   1.00000000000000  0.000000000000000  0.000000000000000   56.0000000000000  0.000000000000000  0.000000000000000  0.000000000000000  -720.000000000000]
[ 0.000000000000000  0.000000000000000  0.000000000000000  0.000000000000000  0.000000000000000  0.000000000000000  0.000000000000000  0.000000000000000  0.000000000000000  0.000000000000000]
[-0.000000000000000 -0.000000000000000 -0.000000000000000 -0.000000000000000  0.000000000000000 -0.000000000000000 -0.000000000000000 -0.000000000000000   1.00000000000000 -0.000000000000000]
[-0.000000000000000 -0.000000000000000 -0.000000000000000 -0.000000000000000   1.00000000000000 -0.000000000000000 -0.000000000000000 -0.000000000000000 -0.000000000000000 -0.000000000000000]
[-0.000000000000000 -0.000000000000000 -0.000000000000000 -0.000000000000000 -0.000000000000000  -14.0000000000000   1.00000000000000 -0.000000000000000 -0.000000000000000   140.000000000000]
[-0.000000000000000 -0.000000000000000 -0.000000000000000 -0.000000000000000 -0.000000000000000 -0.000000000000000 -0.000000000000000 -0.000000000000000 -0.000000000000000 -0.000000000000000]
[ 0.000000000000000  0.000000000000000  0.000000000000000  0.000000000000000  0.000000000000000  0.000000000000000  0.000000000000000  0.000000000000000  0.000000000000000  0.000000000000000]

[ 0.000000000000000  0.000000000000000  0.000000000000000  0.000000000000000  0.000000000000000  0.000000000000000  0.000000000000000  0.000000000000000  0.000000000000000  0.000000000000000]
[ 0.000000000000000  0.000000000000000  0.000000000000000  0.000000000000000  0.000000000000000  -64.0000000000000  0.000000000000000  0.000000000000000  0.000000000000000   896.000000000000]
[ -1.00000000000000  0.000000000000000  0.000000000000000  0.000000000000000  0.000000000000000  0.000000000000000  0.000000000000000  0.000000000000000  0.000000000000000  0.000000000000000]
[ 0.000000000000000  0.000000000000000  0.000000000000000  0.000000000000000  0.000000000000000  0.000000000000000  0.000000000000000  0.000000000000000  0.000000000000000  0.000000000000000]
[ 0.000000000000000  0.000000000000000   1.00000000000000  0.000000000000000  0.000000000000000   56.0000000000000  0.000000000000000  0.000000000000000  0.000000000000000  -720.000000000000]
[-0.000000000000000 -0.000000000000000 -0.000000000000000  0.000000000000000 -0.000000000000000 -0.000000000000000 -0.000000000000000  -1.00000000000000 -0.000000000000000 -0.000000000000000]
[-0.000000000000000 -0.000000000000000 -0.000000000000000   1.00000000000000 -0.000000000000000 -0.000000000000000 -0.000000000000000 -0.000000000000000 -0.000000000000000 -0.000000000000000]
[-0.000000000000000 -0.000000000000000 -0.000000000000000 -0.000000000000000 -0.000000000000000 -0.000000000000000 -0.000000000000000 -0.000000000000000 -0.000000000000000 -0.000000000000000]
[-0.000000000000000 -0.000000000000000 -0.000000000000000 -0.000000000000000 -0.000000000000000   14.0000000000000  -1.00000000000000 -0.000000000000000 -0.000000000000000  -140.000000000000]
[ 0.000000000000000  0.000000000000000  0.000000000000000  0.000000000000000  0.000000000000000  0.000000000000000  0.000000000000000  0.000000000000000  0.000000000000000  0.000000000000000]

[ 0.000000000000000  0.000000000000000  0.000000000000000  0.000000000000000  0.000000000000000  0.000000000000000  0.000000000000000  -64.0000000000000  0.000000000000000  0.000000000000000]
[ 0.000000000000000  0.000000000000000  0.000000000000000  0.000000000000000  0.000000000000000  0.000000000000000  0.000000000000000  0.000000000000000   64.0000000000000  0.000000000000000]
[ 0.000000000000000  0.000000000000000  0.000000000000000  0.000000000000000  0.000000000000000  0.000000000000000  0.000000000000000  0.000000000000000  0.000000000000000  0.000000000000000]
[ -1.00000000000000  0.000000000000000  0.000000000000000  0.000000000000000  0.000000000000000  0.000000000000000  0.000000000000000  -56.0000000000000  0.000000000000000  0.000000000000000]
[ 0.000000000000000  -1.00000000000000  0.000000000000000  0.000000000000000  0.000000000000000  0.000000000000000  0.000000000000000  0.000000000000000  -56.0000000000000  0.000000000000000]
[-0.000000000000000 -0.000000000000000 -0.000000000000000 -0.000000000000000 -0.000000000000000 -0.000000000000000 -0.000000000000000 -0.000000000000000 -0.000000000000000 -0.000000000000000]
[-0.000000000000000 -0.000000000000000 -0.000000000000000 -0.000000000000000 -0.000000000000000 -0.000000000000000 -0.000000000000000 -0.000000000000000 -0.000000000000000 -0.000000000000000]
[-0.000000000000000 -0.000000000000000 -0.000000000000000   1.00000000000000 -0.000000000000000 -0.000000000000000 -0.000000000000000   14.0000000000000 -0.000000000000000 -0.000000000000000]
[-0.000000000000000 -0.000000000000000 -0.000000000000000 -0.000000000000000   1.00000000000000 -0.000000000000000 -0.000000000000000 -0.000000000000000  -14.0000000000000 -0.000000000000000]
[ 0.000000000000000  0.000000000000000  0.000000000000000  0.000000000000000  0.000000000000000  0.000000000000000  0.000000000000000  0.000000000000000  0.000000000000000  0.000000000000000]

[ 0.000000000000000  0.000000000000000  0.000000000000000  0.000000000000000  0.000000000000000  -896.000000000000   64.0000000000000  0.000000000000000  0.000000000000000   8960.00000000000]
[ 0.000000000000000  0.000000000000000  0.000000000000000  0.000000000000000  0.000000000000000  0.000000000000000  0.000000000000000  0.000000000000000  0.000000000000000  0.000000000000000]
[ 0.000000000000000  0.000000000000000  0.000000000000000  0.000000000000000  0.000000000000000  0.000000000000000  0.000000000000000  0.000000000000000   64.0000000000000  0.000000000000000]
[ 0.000000000000000  0.000000000000000  0.000000000000000  0.000000000000000  0.000000000000000  -720.000000000000   56.0000000000000  0.000000000000000  0.000000000000000   6944.00000000000]
[ 0.000000000000000  0.000000000000000  0.000000000000000  0.000000000000000  0.000000000000000  0.000000000000000  0.000000000000000  0.000000000000000  0.000000000000000  0.000000000000000]
[-0.000000000000000  0.000000000000000 -0.000000000000000 -0.000000000000000   1.00000000000000 -0.000000000000000 -0.000000000000000 -0.000000000000000  -14.0000000000000 -0.000000000000000]
[-0.000000000000000  -1.00000000000000 -0.000000000000000 -0.000000000000000 -0.000000000000000 -0.000000000000000 -0.000000000000000 -0.000000000000000  -56.0000000000000 -0.000000000000000]
[-0.000000000000000 -0.000000000000000  -1.00000000000000 -0.000000000000000 -0.000000000000000   140.000000000000  -14.0000000000000 -0.000000000000000 -0.000000000000000  -1240.00000000000]
[-0.000000000000000 -0.000000000000000 -0.000000000000000 -0.000000000000000 -0.000000000000000 -0.000000000000000 -0.000000000000000 -0.000000000000000 -0.000000000000000 -0.000000000000000]
[ 0.000000000000000  0.000000000000000  0.000000000000000  0.000000000000000  0.000000000000000  0.000000000000000  0.000000000000000  0.000000000000000  0.000000000000000  0.000000000000000]

[ 0.000000000000000  0.000000000000000  0.000000000000000  0.000000000000000  0.000000000000000  0.000000000000000  0.000000000000000  0.000000000000000  0.000000000000000  0.000000000000000]
[ 0.000000000000000  0.000000000000000  0.000000000000000  0.000000000000000  0.000000000000000  -896.000000000000   64.0000000000000  0.000000000000000  0.000000000000000   8960.00000000000]
[ 0.000000000000000  0.000000000000000  0.000000000000000  0.000000000000000  0.000000000000000  0.000000000000000  0.000000000000000   64.0000000000000  0.000000000000000  0.000000000000000]
[ 0.000000000000000  0.000000000000000  0.000000000000000  0.000000000000000  0.000000000000000  0.000000000000000  0.000000000000000  0.000000000000000  0.000000000000000  0.000000000000000]
[ 0.000000000000000  0.000000000000000  0.000000000000000  0.000000000000000  0.000000000000000   720.000000000000  -56.0000000000000  0.000000000000000  0.000000000000000  -6944.00000000000]
[ 0.000000000000000 -0.000000000000000 -0.000000000000000  -1.00000000000000 -0.000000000000000 -0.000000000000000 -0.000000000000000  -14.0000000000000 -0.000000000000000 -0.000000000000000]
[ -1.00000000000000 -0.000000000000000 -0.000000000000000 -0.000000000000000 -0.000000000000000 -0.000000000000000 -0.000000000000000  -56.0000000000000 -0.000000000000000 -0.000000000000000]
[-0.000000000000000 -0.000000000000000 -0.000000000000000 -0.000000000000000 -0.000000000000000 -0.000000000000000 -0.000000000000000 -0.000000000000000 -0.000000000000000 -0.000000000000000]
[-0.000000000000000 -0.000000000000000  -1.00000000000000 -0.000000000000000 -0.000000000000000   140.000000000000  -14.0000000000000 -0.000000000000000 -0.000000000000000  -1240.00000000000]
[ 0.000000000000000  0.000000000000000  0.000000000000000  0.000000000000000  0.000000000000000  0.000000000000000  0.000000000000000  0.000000000000000  0.000000000000000  0.000000000000000]

[ -64.0000000000000  0.000000000000000  0.000000000000000   896.000000000000  0.000000000000000  0.000000000000000  0.000000000000000   8960.00000000000  0.000000000000000  0.000000000000000]
[ 0.000000000000000   64.0000000000000  0.000000000000000  0.000000000000000   896.000000000000  0.000000000000000  0.000000000000000  0.000000000000000  -8960.00000000000  0.000000000000000]
[ 0.000000000000000  0.000000000000000  0.000000000000000  0.000000000000000  0.000000000000000  0.000000000000000  0.000000000000000  0.000000000000000  0.000000000000000  0.000000000000000]
[ -56.0000000000000  0.000000000000000  0.000000000000000   720.000000000000  0.000000000000000  0.000000000000000  0.000000000000000   6944.00000000000  0.000000000000000  0.000000000000000]
[ 0.000000000000000  -56.0000000000000  0.000000000000000  0.000000000000000  -720.000000000000  0.000000000000000  0.000000000000000  0.000000000000000   6944.00000000000  0.000000000000000]
[-0.000000000000000 -0.000000000000000 -0.000000000000000 -0.000000000000000 -0.000000000000000 -0.000000000000000 -0.000000000000000 -0.000000000000000 -0.000000000000000 -0.000000000000000]
[-0.000000000000000 -0.000000000000000 -0.000000000000000 -0.000000000000000 -0.000000000000000 -0.000000000000000 -0.000000000000000 -0.000000000000000 -0.000000000000000 -0.000000000000000]
[  14.0000000000000 -0.000000000000000 -0.000000000000000  -140.000000000000 -0.000000000000000 -0.000000000000000 -0.000000000000000  -1240.00000000000 -0.000000000000000 -0.000000000000000]
[-0.000000000000000  -14.0000000000000 -0.000000000000000 -0.000000000000000  -140.000000000000 -0.000000000000000 -0.000000000000000 -0.000000000000000   1240.00000000000 -0.000000000000000]
[ 0.000000000000000  0.000000000000000  0.000000000000000  0.000000000000000  0.000000000000000  0.000000000000000  0.000000000000000  0.000000000000000  0.000000000000000  0.000000000000000]

[ 0.000000000000000  0.000000000000000  0.000000000000000  -64.0000000000000  0.000000000000000  0.000000000000000  0.000000000000000  -896.000000000000  0.000000000000000  0.000000000000000]
[ 0.000000000000000  0.000000000000000  0.000000000000000  0.000000000000000  -64.0000000000000  0.000000000000000  0.000000000000000  0.000000000000000   896.000000000000  0.000000000000000]
[ 0.000000000000000  0.000000000000000  0.000000000000000  0.000000000000000  0.000000000000000  0.000000000000000  0.000000000000000  0.000000000000000  0.000000000000000  0.000000000000000]
[ 0.000000000000000  0.000000000000000  0.000000000000000  -56.0000000000000  0.000000000000000  0.000000000000000  0.000000000000000  -720.000000000000  0.000000000000000  0.000000000000000]
[ 0.000000000000000  0.000000000000000  0.000000000000000  0.000000000000000   56.0000000000000  0.000000000000000  0.000000000000000  0.000000000000000  -720.000000000000  0.000000000000000]
[-0.000000000000000 -0.000000000000000 -0.000000000000000 -0.000000000000000 -0.000000000000000 -0.000000000000000 -0.000000000000000 -0.000000000000000 -0.000000000000000 -0.000000000000000]
[-0.000000000000000 -0.000000000000000 -0.000000000000000 -0.000000000000000 -0.000000000000000 -0.000000000000000 -0.000000000000000 -0.000000000000000 -0.000000000000000 -0.000000000000000]
[ -1.00000000000000 -0.000000000000000 -0.000000000000000   14.0000000000000 -0.000000000000000 -0.000000000000000 -0.000000000000000   140.000000000000 -0.000000000000000 -0.000000000000000]
[-0.000000000000000   1.00000000000000 -0.000000000000000 -0.000000000000000   14.0000000000000 -0.000000000000000 -0.000000000000000 -0.000000000000000  -140.000000000000 -0.000000000000000]
[ 0.000000000000000  0.000000000000000  0.000000000000000  0.000000000000000  0.000000000000000  0.000000000000000  0.000000000000000  0.000000000000000  0.000000000000000  0.000000000000000]

[ 0.000000000000000  0.000000000000000   64.0000000000000  0.000000000000000  0.000000000000000  -8960.00000000000   896.000000000000  0.000000000000000  0.000000000000000   79360.0000000000]
[ 0.000000000000000  0.000000000000000  0.000000000000000  0.000000000000000  0.000000000000000  0.000000000000000  0.000000000000000  0.000000000000000  0.000000000000000  0.000000000000000]
[ 0.000000000000000  0.000000000000000  0.000000000000000  0.000000000000000  -64.0000000000000  0.000000000000000  0.000000000000000  0.000000000000000   896.000000000000  0.000000000000000]
[ 0.000000000000000  0.000000000000000   56.0000000000000  0.000000000000000  0.000000000000000  -6944.00000000000   720.000000000000  0.000000000000000  0.000000000000000   60480.0000000000]
[ 0.000000000000000  0.000000000000000  0.000000000000000  0.000000000000000  0.000000000000000  0.000000000000000  0.000000000000000  0.000000000000000  0.000000000000000  0.000000000000000]
[-0.000000000000000   1.00000000000000 -0.000000000000000 -0.000000000000000   14.0000000000000 -0.000000000000000 -0.000000000000000 -0.000000000000000  -140.000000000000 -0.000000000000000]
[-0.000000000000000 -0.000000000000000 -0.000000000000000 -0.000000000000000   56.0000000000000 -0.000000000000000 -0.000000000000000 -0.000000000000000  -720.000000000000 -0.000000000000000]
[-0.000000000000000 -0.000000000000000  -14.0000000000000 -0.000000000000000 -0.000000000000000   1240.00000000000  -140.000000000000 -0.000000000000000 -0.000000000000000  -10416.0000000000]
[-0.000000000000000 -0.000000000000000 -0.000000000000000 -0.000000000000000 -0.000000000000000 -0.000000000000000 -0.000000000000000 -0.000000000000000 -0.000000000000000 -0.000000000000000]
[ 0.000000000000000  0.000000000000000  0.000000000000000  0.000000000000000  0.000000000000000  0.000000000000000  0.000000000000000  0.000000000000000  0.000000000000000  0.000000000000000]

[ 0.000000000000000  0.000000000000000  0.000000000000000  0.000000000000000  0.000000000000000  0.000000000000000  0.000000000000000  0.000000000000000  0.000000000000000  0.000000000000000]
[ 0.000000000000000  0.000000000000000  -64.0000000000000  0.000000000000000  0.000000000000000   8960.00000000000  -896.000000000000  0.000000000000000  0.000000000000000  -79360.0000000000]
[ 0.000000000000000  0.000000000000000  0.000000000000000  -64.0000000000000  0.000000000000000  0.000000000000000  0.000000000000000  -896.000000000000  0.000000000000000  0.000000000000000]
[ 0.000000000000000  0.000000000000000  0.000000000000000  0.000000000000000  0.000000000000000  0.000000000000000  0.000000000000000  0.000000000000000  0.000000000000000  0.000000000000000]
[ 0.000000000000000  0.000000000000000   56.0000000000000  0.000000000000000  0.000000000000000  -6944.00000000000   720.000000000000  0.000000000000000  0.000000000000000   60480.0000000000]
[ -1.00000000000000 -0.000000000000000 -0.000000000000000   14.0000000000000 -0.000000000000000 -0.000000000000000 -0.000000000000000   140.000000000000 -0.000000000000000 -0.000000000000000]
[-0.000000000000000 -0.000000000000000 -0.000000000000000   56.0000000000000 -0.000000000000000 -0.000000000000000 -0.000000000000000   720.000000000000 -0.000000000000000 -0.000000000000000]
[-0.000000000000000 -0.000000000000000 -0.000000000000000 -0.000000000000000 -0.000000000000000 -0.000000000000000 -0.000000000000000 -0.000000000000000 -0.000000000000000 -0.000000000000000]
[-0.000000000000000 -0.000000000000000   14.0000000000000 -0.000000000000000 -0.000000000000000  -1240.00000000000   140.000000000000 -0.000000000000000 -0.000000000000000   10416.0000000000]
[ 0.000000000000000  0.000000000000000  0.000000000000000  0.000000000000000  0.000000000000000  0.000000000000000  0.000000000000000  0.000000000000000  0.000000000000000  0.000000000000000]

[  896.000000000000  0.000000000000000  0.000000000000000  -8960.00000000000  0.000000000000000  0.000000000000000  0.000000000000000  -79360.0000000000  0.000000000000000  0.000000000000000]
[ 0.000000000000000  -896.000000000000  0.000000000000000  0.000000000000000  -8960.00000000000  0.000000000000000  0.000000000000000  0.000000000000000   79360.0000000000  0.000000000000000]
[ 0.000000000000000  0.000000000000000  0.000000000000000  0.000000000000000  0.000000000000000  0.000000000000000  0.000000000000000  0.000000000000000  0.000000000000000  0.000000000000000]
[  720.000000000000  0.000000000000000  0.000000000000000  -6944.00000000000  0.000000000000000  0.000000000000000  0.000000000000000  -60480.0000000000  0.000000000000000  0.000000000000000]
[ 0.000000000000000   720.000000000000  0.000000000000000  0.000000000000000   6944.00000000000  0.000000000000000  0.000000000000000  0.000000000000000  -60480.0000000000  0.000000000000000]
[-0.000000000000000 -0.000000000000000 -0.000000000000000 -0.000000000000000 -0.000000000000000 -0.000000000000000 -0.000000000000000 -0.000000000000000 -0.000000000000000 -0.000000000000000]
[-0.000000000000000 -0.000000000000000 -0.000000000000000 -0.000000000000000 -0.000000000000000 -0.000000000000000 -0.000000000000000 -0.000000000000000 -0.000000000000000 -0.000000000000000]
[ -140.000000000000 -0.000000000000000 -0.000000000000000   1240.00000000000 -0.000000000000000 -0.000000000000000 -0.000000000000000   10416.0000000000 -0.000000000000000 -0.000000000000000]
[-0.000000000000000   140.000000000000 -0.000000000000000 -0.000000000000000   1240.00000000000 -0.000000000000000 -0.000000000000000 -0.000000000000000  -10416.0000000000 -0.000000000000000]
[ 0.000000000000000  0.000000000000000  0.000000000000000  0.000000000000000  0.000000000000000  0.000000000000000  0.000000000000000  0.000000000000000  0.000000000000000  0.000000000000000]

