[0.000000000000000  1.00000000000000 0.000000000000000 0.000000000000000 0.000000000000000 0.000000000000000]
[0.000000000000000 0.000000000000000 0.000000000000000 0.000000000000000 0.000000000000000 0.000000000000000]
[0.000000000000000 0.000000000000000 0.000000000000000  2.00000000000000 0.000000000000000 0.000000000000000]
[0.000000000000000 0.000000000000000 0.000000000000000 0.000000000000000 0.000000000000000 0.000000000000000]
[0.000000000000000 0.000000000000000 0.000000000000000 0.000000000000000 0.000000000000000  4.00000000000000]
[0.000000000000000 0.000000000000000 0.000000000000000 0.000000000000000 0.000000000000000 0.000000000000000]

[0.000000000000000 0.000000000000000 0.000000000000000 0.000000000000000 0.000000000000000 0.000000000000000]
[ 1.00000000000000 0.000000000000000 0.000000000000000 0.000000000000000 0.000000000000000 0.000000000000000]
[0.000000000000000 0.000000000000000 0.000000000000000 0.000000000000000 0.000000000000000 0.000000000000000]
[0.000000000000000 0.000000000000000  1.00000000000000 0.000000000000000 0.000000000000000 0.000000000000000]
[0.000000000000000 0.000000000000000 0.000000000000000 0.000000000000000 0.000000000000000 0.000000000000000]
[0.000000000000000 0.000000000000000 0.000000000000000 0.000000000000000  1.00000000000000 0.000000000000000]

[ 1.00000000000000 0.000000000000000 0.000000000000000 0.000000000000000 0.000000000000000 0.000000000000000]
[0.000000000000000 -1.00000000000000 0.000000000000000 0.000000000000000 0.000000000000000 0.000000000000000]
[0.000000000000000 0.000000000000000  2.00000000000000 0.000000000000000 0.000000000000000 0.000000000000000]
[0.000000000000000 0.000000000000000 0.000000000000000 -2.00000000000000 0.000000000000000 0.000000000000000]
[0.000000000000000 0.000000000000000 0.000000000000000 0.000000000000000  4.00000000000000 0.000000000000000]
[0.000000000000000 0.000000000000000 0.000000000000000 0.000000000000000 0.000000000000000 -4.00000000000000]

[0.000000000000000 -2.00000000000000 0.000000000000000 0.000000000000000 0.000000000000000 0.000000000000000]
[0.000000000000000 0.000000000000000 0.000000000000000 0.000000000000000 0.000000000000000 0.000000000000000]
[0.000000000000000 0.000000000000000 0.000000000000000 -8.00000000000000 0.000000000000000 0.000000000000000]
[0.000000000000000 0.000000000000000 0.000000000000000 0.000000000000000 0.000000000000000 0.000000000000000]
[0.000000000000000 0.000000000000000 0.000000000000000 0.000000000000000 0.000000000000000 -32.0000000000000]
[0.000000000000000 0.000000000000000 0.000000000000000 0.000000000000000 0.000000000000000 0.000000000000000]

[0.000000000000000 0.000000000000000 0.000000000000000 0.000000000000000 0.000000000000000 0.000000000000000]
[ 2.00000000000000 0.000000000000000 0.000000000000000 0.000000000000000 0.000000000000000 0.000000000000000]
[0.000000000000000 0.000000000000000 0.000000000000000 0.000000000000000 0.000000000000000 0.000000000000000]
[0.000000000000000 0.000000000000000  4.00000000000000 0.000000000000000 0.000000000000000 0.000000000000000]
[0.000000000000000 0.000000000000000 0.000000000000000 0.000000000000000 0.000000000000000 0.000000000000000]
[0.000000000000000 0.000000000000000 0.000000000000000 0.000000000000000  8.00000000000000 0.000000000000000]

[-4.00000000000000 0.000000000000000 0.000000000000000 0.000000000000000 0.000000000000000 0.000000000000000]
[0.000000000000000  4.00000000000000 0.000000000000000 0.000000000000000 0.000000000000000 0.000000000000000]
[0.000000000000000 0.000000000000000 -32.0000000000000 0.000000000000000 0.000000000000000 0.000000000000000]
[0.000000000000000 0.000000000000000 0.000000000000000  32.0000000000000 0.000000000000000 0.000000000000000]
[0.000000000000000 0.000000000000000 0.000000000000000 0.000000000000000 -256.000000000000 0.000000000000000]
[0.000000000000000 0.000000000000000 0.000000000000000 0.000000000000000 0.000000000000000  256.000000000000]

[ 2.00000000000000 0.000000000000000 0.000000000000000 0.000000000000000 0.000000000000000 0.000000000000000]
[0.000000000000000 -2.00000000000000 0.000000000000000 0.000000000000000 0.000000000000000 0.000000000000000]
[0.000000000000000 0.000000000000000  8.00000000000000 0.000000000000000 0.000000000000000 0.000000000000000]
[0.000000000000000 0.000000000000000 0.000000000000000 -8.00000000000000 0.000000000000000 0.000000000000000]
[0.000000000000000 0.000000000000000 0.000000000000000 0.000000000000000  32.0000000000000 0.000000000000000]
[0.000000000000000 0.000000000000000 0.000000000000000 0.000000000000000 0.000000000000000 -32.0000000000000]

[0.000000000000000 -4.00000000000000 0.000000000000000 0.000000000000000 0.000000000000000 0.000000000000000]
[0.000000000000000 0.000000000000000 0.000000000000000 0.000000000000000 0.000000000000000 0.000000000000000]
[0.000000000000000 0.000000000000000 0.000000000000000 -32.0000000000000 0.000000000000000 0.000000000000000]
[0.000000000000000 0.000000000000000 0.000000000000000 0.000000000000000 0.000000000000000 0.000000000000000]
[0.000000000000000 0.000000000000000 0.000000000000000 0.000000000000000 0.000000000000000 -256.000000000000]
[0.000000000000000 0.000000000000000 0.000000000000000 0.000000000000000 0.000000000000000 0.000000000000000]

[0.000000000000000 0.000000000000000 0.000000000000000 0.000000000000000 0.000000000000000 0.000000000000000]
[-4.00000000000000 0.000000000000000 0.000000000000000 0.000000000000000 0.000000000000000 0.000000000000000]
[0.000000000000000 0.000000000000000 0.000000000000000 0.000000000000000 0.000000000000000 0.000000000000000]
[0.000000000000000 0.000000000000000 -16.0000000000000 0.000000000000000 0.000000000000000 0.000000000000000]
[0.000000000000000 0.000000000000000 0.000000000000000 0.000000000000000 0.000000000000000 0.000000000000000]
[0.000000000000000 0.000000000000000 0.000000000000000 0.000000000000000 -64.0000000000000 0.000000000000000]

[ 8.00000000000000 0.000000000000000 0.000000000000000 0.000000000000000 0.000000000000000 0.000000000000000]
[0.000000000000000 -8.00000000000000 0.000000000000000 0.000000000000000 0.000000000000000 0.000000000000000]
[0.000000000000000 0.000000000000000  128.000000000000 0.000000000000000 0.000000000000000 0.000000000000000]
[0.000000000000000 0.000000000000000 0.000000000000000 -128.000000000000 0.000000000000000 0.000000000000000]
[0.000000000000000 0.000000000000000 0.000000000000000 0.000000000000000  2048.00000000000 0.000000000000000]
[0.000000000000000 0.000000000000000 0.000000000000000 0.000000000000000 0.000000000000000 -2048.00000000000]

