mat_1 :=[[[0, 0, 0, 71, 0, 0, 0, 0],[0, 0, 0, 0, 0, 0, 0, 0],[0, 0, 0, 0, 68, 86, 0, 0],[0, 0, 0, 0, 71, 91, 0, 0],[0, 0, 0, 0, 0, 0, 0, 26],[0, 0, 0, 0, 0, 0, 0, 71],[0, 0, 0, 0, 0, 0, 0, 0],[0, 0, 0, 0, 0, 0, 0, 0]],[[0, 0, 0, 0, 0, 0, 0, 0],[0, 0, 0, 0, 0, 0, 0, 0],[0, 0, 0, 0, 0, 0, 0, 0],[15, 0, 0, 0, 0, 0, 0, 0],[0, 0, 56, 22, 0, 0, 0, 0],[0, 0, 56, 42, 0, 0, 0, 0],[0, 0, 0, 0, 0, 0, 0, 0],[0, 0, 0, 0, 44, 41, 0, 0]]];

L_1 := LieAlgebra(Rationals, mat_1);

S_1 := SemiSimpleType(L_1);

PrintTo("*stdout*",S_1,"\n");

mat_2 :=[[[0, 0, 0, 0, 0, 0, 0, 0],[0, 0, 0, 38, 0, 0, 0, 0],[0, 0, 0, 0, 0, 0, 0, 0],[0, 0, 0, 0, 75, 0, 0, 0],[0, 0, 0, 0, 0, 0, 78, 61],[0, 0, 0, 0, 0, 0, 43, 17],[0, 0, 0, 0, 0, 0, 0, 0],[0, 0, 0, 0, 0, 0, 0, 0]],[[0, 0, 0, 0, 0, 0, 0, 0],[0, 0, 0, 0, 0, 0, 0, 0],[0, 0, 0, 0, 0, 0, 0, 0],[0, 23, 0, 0, 0, 0, 0, 0],[0, 0, 0, 8, 0, 0, 0, 0],[0, 0, 0, 0, 0, 0, 0, 0],[0, 0, 0, 0, 77, 6, 0, 0],[0, 0, 0, 0, 55, 1, 0, 0]]];

L_2 := LieAlgebra(Rationals, mat_2);

S_2 := SemiSimpleType(L_2);

PrintTo("*stdout*",S_2,"\n");

mat_3 :=[[[0, 0, 92, 0, 0, 0, 0, 0],[0, 0, 19, 89, 0, 0, 0, 0],[0, 0, 0, 0, 0, 53, 0, 0],[0, 0, 0, 0, 86, 71, 0, 0],[0, 0, 0, 0, 0, 0, 1, 82],[0, 0, 0, 0, 0, 0, 27, 0],[0, 0, 0, 0, 0, 0, 0, 0],[0, 0, 0, 0, 0, 0, 0, 0]],[[0, 0, 0, 0, 0, 0, 0, 0],[0, 0, 0, 0, 0, 0, 0, 0],[76, 74, 0, 0, 0, 0, 0, 0],[0, 7, 0, 0, 0, 0, 0, 0],[0, 0, 0, 68, 0, 0, 0, 0],[0, 0, 30, 39, 0, 0, 0, 0],[0, 0, 0, 0, 9, 3, 0, 0],[0, 0, 0, 0, 1, 0, 0, 0]]];

L_3 := LieAlgebra(Rationals, mat_3);

S_3 := SemiSimpleType(L_3);

PrintTo("*stdout*",S_3,"\n");

mat_4 :=[[[0, 0, 35, 0, 0, 0, 0, 0],[0, 0, 0, 34, 0, 0, 0, 0],[0, 0, 0, 0, 0, 46, 0, 0],[0, 0, 0, 0, 28, 95, 0, 0],[0, 0, 0, 0, 0, 0, 0, 47],[0, 0, 0, 0, 0, 0, 47, 49],[0, 0, 0, 0, 0, 0, 0, 0],[0, 0, 0, 0, 0, 0, 0, 0]],[[0, 0, 0, 0, 0, 0, 0, 0],[0, 0, 0, 0, 0, 0, 0, 0],[14, 0, 0, 0, 0, 0, 0, 0],[0, 86, 0, 0, 0, 0, 0, 0],[0, 0, 0, 45, 0, 0, 0, 0],[0, 0, 48, 9, 0, 0, 0, 0],[0, 0, 0, 0, 0, 87, 0, 0],[0, 0, 0, 0, 50, 23, 0, 0]]];

L_4 := LieAlgebra(Rationals, mat_4);

S_4 := SemiSimpleType(L_4);

PrintTo("*stdout*",S_4,"\n");

mat_5 :=[[[0, 0, 24, 0, 0, 0, 0, 0],[0, 0, 0, 0, 0, 0, 0, 0],[0, 0, 0, 0, 2, 0, 0, 0],[0, 0, 0, 0, 99, 90, 0, 0],[0, 0, 0, 0, 0, 0, 0, 0],[0, 0, 0, 0, 0, 0, 61, 0],[0, 0, 0, 0, 0, 0, 0, 0],[0, 0, 0, 0, 0, 0, 0, 0]],[[0, 0, 0, 0, 0, 0, 0, 0],[0, 0, 0, 0, 0, 0, 0, 0],[87, 0, 0, 0, 0, 0, 0, 0],[0, 0, 0, 0, 0, 0, 0, 0],[0, 0, 63, 65, 0, 0, 0, 0],[0, 0, 0, 49, 0, 0, 0, 0],[0, 0, 0, 0, 0, 59, 0, 0],[0, 0, 0, 0, 0, 0, 0, 0]]];

L_5 := LieAlgebra(Rationals, mat_5);

S_5 := SemiSimpleType(L_5);

PrintTo("*stdout*",S_5,"\n");

mat_6 :=[[[0, 0, 4, 0, 0, 0, 0, 0],[0, 0, 96, 0, 0, 0, 0, 0],[0, 0, 0, 0, 15, 0, 0, 0],[0, 0, 0, 0, 0, 0, 0, 0],[0, 0, 0, 0, 0, 0, 0, 59],[0, 0, 0, 0, 0, 0, 0, 0],[0, 0, 0, 0, 0, 0, 0, 0],[0, 0, 0, 0, 0, 0, 0, 0]],[[0, 0, 0, 0, 0, 0, 0, 0],[0, 0, 0, 0, 0, 0, 0, 0],[89, 10, 0, 0, 0, 0, 0, 0],[0, 0, 0, 0, 0, 0, 0, 0],[0, 0, 88, 0, 0, 0, 0, 0],[0, 0, 0, 0, 0, 0, 0, 0],[0, 0, 0, 0, 0, 0, 0, 0],[0, 0, 0, 0, 67, 0, 0, 0]]];

L_6 := LieAlgebra(Rationals, mat_6);

S_6 := SemiSimpleType(L_6);

PrintTo("*stdout*",S_6,"\n");

mat_7 :=[[[0, 0, 4, 66, 0, 0, 0, 0],[0, 0, 0, 9, 0, 0, 0, 0],[0, 0, 0, 0, 81, 5, 0, 0],[0, 0, 0, 0, 66, 79, 0, 0],[0, 0, 0, 0, 0, 0, 90, 86],[0, 0, 0, 0, 0, 0, 82, 89],[0, 0, 0, 0, 0, 0, 0, 0],[0, 0, 0, 0, 0, 0, 0, 0]],[[0, 0, 0, 0, 0, 0, 0, 0],[0, 0, 0, 0, 0, 0, 0, 0],[84, 0, 0, 0, 0, 0, 0, 0],[86, 98, 0, 0, 0, 0, 0, 0],[0, 0, 61, 49, 0, 0, 0, 0],[0, 0, 29, 80, 0, 0, 0, 0],[0, 0, 0, 0, 90, 10, 0, 0],[0, 0, 0, 0, 3, 45, 0, 0]]];

L_7 := LieAlgebra(Rationals, mat_7);

S_7 := SemiSimpleType(L_7);

PrintTo("*stdout*",S_7,"\n");

mat_8 :=[[[0, 0, 4, 96, 0, 0, 0, 0],[0, 0, 64, 0, 0, 0, 0, 0],[0, 0, 0, 0, 0, 0, 0, 0],[0, 0, 0, 0, 0, 28, 0, 0],[0, 0, 0, 0, 0, 0, 18, 34],[0, 0, 0, 0, 0, 0, 0, 0],[0, 0, 0, 0, 0, 0, 0, 0],[0, 0, 0, 0, 0, 0, 0, 0]],[[0, 0, 0, 0, 0, 0, 0, 0],[0, 0, 0, 0, 0, 0, 0, 0],[76, 35, 0, 0, 0, 0, 0, 0],[35, 0, 0, 0, 0, 0, 0, 0],[0, 0, 0, 0, 0, 0, 0, 0],[0, 0, 0, 59, 0, 0, 0, 0],[0, 0, 0, 0, 40, 0, 0, 0],[0, 0, 0, 0, 29, 0, 0, 0]]];

L_8 := LieAlgebra(Rationals, mat_8);

S_8 := SemiSimpleType(L_8);

PrintTo("*stdout*",S_8,"\n");

mat_9 :=[[[0, 0, 18, 0, 0, 0, 0, 0],[0, 0, 56, 62, 0, 0, 0, 0],[0, 0, 0, 0, 27, 0, 0, 0],[0, 0, 0, 0, 78, 95, 0, 0],[0, 0, 0, 0, 0, 0, 0, 34],[0, 0, 0, 0, 0, 0, 3, 56],[0, 0, 0, 0, 0, 0, 0, 0],[0, 0, 0, 0, 0, 0, 0, 0]],[[0, 0, 0, 0, 0, 0, 0, 0],[0, 0, 0, 0, 0, 0, 0, 0],[20, 95, 0, 0, 0, 0, 0, 0],[0, 27, 0, 0, 0, 0, 0, 0],[0, 0, 99, 48, 0, 0, 0, 0],[0, 0, 0, 6, 0, 0, 0, 0],[0, 0, 0, 0, 0, 48, 0, 0],[0, 0, 0, 0, 98, 85, 0, 0]]];

L_9 := LieAlgebra(Rationals, mat_9);

S_9 := SemiSimpleType(L_9);

PrintTo("*stdout*",S_9,"\n");

mat_10 :=[[[0, 0, 93, 0, 0, 0, 0, 0],[0, 0, 0, 57, 0, 0, 0, 0],[0, 0, 0, 0, 66, 55, 0, 0],[0, 0, 0, 0, 92, 16, 0, 0],[0, 0, 0, 0, 0, 0, 0, 99],[0, 0, 0, 0, 0, 0, 0, 0],[0, 0, 0, 0, 0, 0, 0, 0],[0, 0, 0, 0, 0, 0, 0, 0]],[[0, 0, 0, 0, 0, 0, 0, 0],[0, 0, 0, 0, 0, 0, 0, 0],[74, 0, 0, 0, 0, 0, 0, 0],[0, 97, 0, 0, 0, 0, 0, 0],[0, 0, 89, 2, 0, 0, 0, 0],[0, 0, 6, 48, 0, 0, 0, 0],[0, 0, 0, 0, 0, 0, 0, 0],[0, 0, 0, 0, 61, 0, 0, 0]]];

L_10 := LieAlgebra(Rationals, mat_10);

S_10 := SemiSimpleType(L_10);

PrintTo("*stdout*",S_10,"\n");

mat_11 :=[[[0, 0, 84, 55, 0, 0, 0, 0],[0, 0, 0, 0, 0, 0, 0, 0],[0, 0, 0, 0, 0, 0, 0, 0],[0, 0, 0, 0, 0, 22, 0, 0],[0, 0, 0, 0, 0, 0, 0, 88],[0, 0, 0, 0, 0, 0, 13, 0],[0, 0, 0, 0, 0, 0, 0, 0],[0, 0, 0, 0, 0, 0, 0, 0]],[[0, 0, 0, 0, 0, 0, 0, 0],[0, 0, 0, 0, 0, 0, 0, 0],[21, 0, 0, 0, 0, 0, 0, 0],[88, 0, 0, 0, 0, 0, 0, 0],[0, 0, 0, 0, 0, 0, 0, 0],[0, 0, 0, 8, 0, 0, 0, 0],[0, 0, 0, 0, 0, 14, 0, 0],[0, 0, 0, 0, 61, 0, 0, 0]]];

L_11 := LieAlgebra(Rationals, mat_11);

S_11 := SemiSimpleType(L_11);

PrintTo("*stdout*",S_11,"\n");

mat_12 :=[[[0, 0, 0, 34, 0, 0, 0, 0],[0, 0, 53, 0, 0, 0, 0, 0],[0, 0, 0, 0, 42, 60, 0, 0],[0, 0, 0, 0, 90, 82, 0, 0],[0, 0, 0, 0, 0, 0, 0, 37],[0, 0, 0, 0, 0, 0, 54, 83],[0, 0, 0, 0, 0, 0, 0, 0],[0, 0, 0, 0, 0, 0, 0, 0]],[[0, 0, 0, 0, 0, 0, 0, 0],[0, 0, 0, 0, 0, 0, 0, 0],[0, 90, 0, 0, 0, 0, 0, 0],[41, 0, 0, 0, 0, 0, 0, 0],[0, 0, 24, 94, 0, 0, 0, 0],[0, 0, 48, 71, 0, 0, 0, 0],[0, 0, 0, 0, 0, 29, 0, 0],[0, 0, 0, 0, 23, 51, 0, 0]]];

L_12 := LieAlgebra(Rationals, mat_12);

S_12 := SemiSimpleType(L_12);

PrintTo("*stdout*",S_12,"\n");

mat_13 :=[[[0, 0, 41, 0, 0, 0, 0, 0],[0, 0, 0, 0, 0, 0, 0, 0],[0, 0, 0, 0, 0, 5, 0, 0],[0, 0, 0, 0, 88, 0, 0, 0],[0, 0, 0, 0, 0, 0, 0, 0],[0, 0, 0, 0, 0, 0, 67, 0],[0, 0, 0, 0, 0, 0, 0, 0],[0, 0, 0, 0, 0, 0, 0, 0]],[[0, 0, 0, 0, 0, 0, 0, 0],[0, 0, 0, 0, 0, 0, 0, 0],[13, 0, 0, 0, 0, 0, 0, 0],[0, 0, 0, 0, 0, 0, 0, 0],[0, 0, 0, 35, 0, 0, 0, 0],[0, 0, 15, 0, 0, 0, 0, 0],[0, 0, 0, 0, 0, 70, 0, 0],[0, 0, 0, 0, 0, 0, 0, 0]]];

L_13 := LieAlgebra(Rationals, mat_13);

S_13 := SemiSimpleType(L_13);

PrintTo("*stdout*",S_13,"\n");

mat_14 :=[[[0, 0, 47, 0, 0, 0, 0, 0],[0, 0, 7, 31, 0, 0, 0, 0],[0, 0, 0, 0, 25, 0, 0, 0],[0, 0, 0, 0, 39, 50, 0, 0],[0, 0, 0, 0, 0, 0, 9, 41],[0, 0, 0, 0, 0, 0, 75, 50],[0, 0, 0, 0, 0, 0, 0, 0],[0, 0, 0, 0, 0, 0, 0, 0]],[[0, 0, 0, 0, 0, 0, 0, 0],[0, 0, 0, 0, 0, 0, 0, 0],[15, 72, 0, 0, 0, 0, 0, 0],[0, 68, 0, 0, 0, 0, 0, 0],[0, 0, 69, 12, 0, 0, 0, 0],[0, 0, 0, 94, 0, 0, 0, 0],[0, 0, 0, 0, 83, 31, 0, 0],[0, 0, 0, 0, 52, 66, 0, 0]]];

L_14 := LieAlgebra(Rationals, mat_14);

S_14 := SemiSimpleType(L_14);

PrintTo("*stdout*",S_14,"\n");

mat_15 :=[[[0, 0, 0, 87, 0, 0, 0, 0],[0, 0, 88, 0, 0, 0, 0, 0],[0, 0, 0, 0, 0, 57, 0, 0],[0, 0, 0, 0, 34, 99, 0, 0],[0, 0, 0, 0, 0, 0, 0, 55],[0, 0, 0, 0, 0, 0, 0, 0],[0, 0, 0, 0, 0, 0, 0, 0],[0, 0, 0, 0, 0, 0, 0, 0]],[[0, 0, 0, 0, 0, 0, 0, 0],[0, 0, 0, 0, 0, 0, 0, 0],[0, 100, 0, 0, 0, 0, 0, 0],[4, 0, 0, 0, 0, 0, 0, 0],[0, 0, 0, 73, 0, 0, 0, 0],[0, 0, 44, 93, 0, 0, 0, 0],[0, 0, 0, 0, 0, 0, 0, 0],[0, 0, 0, 0, 48, 0, 0, 0]]];

L_15 := LieAlgebra(Rationals, mat_15);

S_15 := SemiSimpleType(L_15);

PrintTo("*stdout*",S_15,"\n");

mat_16 :=[[[0, 0, 100, 0, 0, 0, 0, 0],[0, 0, 0, 43, 0, 0, 0, 0],[0, 0, 0, 0, 0, 0, 0, 0],[0, 0, 0, 0, 0, 53, 0, 0],[0, 0, 0, 0, 0, 0, 41, 61],[0, 0, 0, 0, 0, 0, 0, 6],[0, 0, 0, 0, 0, 0, 0, 0],[0, 0, 0, 0, 0, 0, 0, 0]],[[0, 0, 0, 0, 0, 0, 0, 0],[0, 0, 0, 0, 0, 0, 0, 0],[46, 0, 0, 0, 0, 0, 0, 0],[0, 22, 0, 0, 0, 0, 0, 0],[0, 0, 0, 0, 0, 0, 0, 0],[0, 0, 0, 83, 0, 0, 0, 0],[0, 0, 0, 0, 63, 0, 0, 0],[0, 0, 0, 0, 22, 69, 0, 0]]];

L_16 := LieAlgebra(Rationals, mat_16);

S_16 := SemiSimpleType(L_16);

PrintTo("*stdout*",S_16,"\n");

mat_17 :=[[[0, 0, 67, 12, 0, 0, 0, 0],[0, 0, 49, 0, 0, 0, 0, 0],[0, 0, 0, 0, 84, 38, 0, 0],[0, 0, 0, 0, 69, 63, 0, 0],[0, 0, 0, 0, 0, 0, 29, 36],[0, 0, 0, 0, 0, 0, 0, 9],[0, 0, 0, 0, 0, 0, 0, 0],[0, 0, 0, 0, 0, 0, 0, 0]],[[0, 0, 0, 0, 0, 0, 0, 0],[0, 0, 0, 0, 0, 0, 0, 0],[2, 16, 0, 0, 0, 0, 0, 0],[96, 0, 0, 0, 0, 0, 0, 0],[0, 0, 82, 38, 0, 0, 0, 0],[0, 0, 91, 1, 0, 0, 0, 0],[0, 0, 0, 0, 69, 0, 0, 0],[0, 0, 0, 0, 99, 26, 0, 0]]];

L_17 := LieAlgebra(Rationals, mat_17);

S_17 := SemiSimpleType(L_17);

PrintTo("*stdout*",S_17,"\n");

mat_18 :=[[[0, 0, 15, 36, 0, 0, 0, 0],[0, 0, 91, 59, 0, 0, 0, 0],[0, 0, 0, 0, 0, 0, 0, 0],[0, 0, 0, 0, 79, 0, 0, 0],[0, 0, 0, 0, 0, 0, 80, 0],[0, 0, 0, 0, 0, 0, 92, 0],[0, 0, 0, 0, 0, 0, 0, 0],[0, 0, 0, 0, 0, 0, 0, 0]],[[0, 0, 0, 0, 0, 0, 0, 0],[0, 0, 0, 0, 0, 0, 0, 0],[44, 65, 0, 0, 0, 0, 0, 0],[48, 15, 0, 0, 0, 0, 0, 0],[0, 0, 0, 69, 0, 0, 0, 0],[0, 0, 0, 0, 0, 0, 0, 0],[0, 0, 0, 0, 93, 89, 0, 0],[0, 0, 0, 0, 0, 0, 0, 0]]];

L_18 := LieAlgebra(Rationals, mat_18);

S_18 := SemiSimpleType(L_18);

PrintTo("*stdout*",S_18,"\n");

mat_19 :=[[[0, 0, 0, 0, 0, 0, 0, 0],[0, 0, 92, 0, 0, 0, 0, 0],[0, 0, 0, 0, 0, 0, 0, 0],[0, 0, 0, 0, 53, 93, 0, 0],[0, 0, 0, 0, 0, 0, 0, 38],[0, 0, 0, 0, 0, 0, 0, 26],[0, 0, 0, 0, 0, 0, 0, 0],[0, 0, 0, 0, 0, 0, 0, 0]],[[0, 0, 0, 0, 0, 0, 0, 0],[0, 0, 0, 0, 0, 0, 0, 0],[0, 67, 0, 0, 0, 0, 0, 0],[0, 0, 0, 0, 0, 0, 0, 0],[0, 0, 0, 12, 0, 0, 0, 0],[0, 0, 0, 6, 0, 0, 0, 0],[0, 0, 0, 0, 0, 0, 0, 0],[0, 0, 0, 0, 25, 77, 0, 0]]];

L_19 := LieAlgebra(Rationals, mat_19);

S_19 := SemiSimpleType(L_19);

PrintTo("*stdout*",S_19,"\n");

mat_20 :=[[[0, 0, 0, 0, 0, 0, 0, 0],[0, 0, 75, 0, 0, 0, 0, 0],[0, 0, 0, 0, 10, 0, 0, 0],[0, 0, 0, 0, 0, 19, 0, 0],[0, 0, 0, 0, 0, 0, 21, 0],[0, 0, 0, 0, 0, 0, 6, 0],[0, 0, 0, 0, 0, 0, 0, 0],[0, 0, 0, 0, 0, 0, 0, 0]],[[0, 0, 0, 0, 0, 0, 0, 0],[0, 0, 0, 0, 0, 0, 0, 0],[0, 98, 0, 0, 0, 0, 0, 0],[0, 0, 0, 0, 0, 0, 0, 0],[0, 0, 57, 0, 0, 0, 0, 0],[0, 0, 0, 54, 0, 0, 0, 0],[0, 0, 0, 0, 68, 81, 0, 0],[0, 0, 0, 0, 0, 0, 0, 0]]];

L_20 := LieAlgebra(Rationals, mat_20);

S_20 := SemiSimpleType(L_20);

PrintTo("*stdout*",S_20,"\n");

