mat_1 :=[[[0, 0, 0, 0, 0, 0],[0, 0, 0, 0, 0, 1],[0, 0, 0, 0, 0, 0],[0, 0, 0, 0, 0, 0],[0, 0, 0, 0, 0, 0],[0, 0, 0, 0, 0, 0]],[[0, 0, 0, 0, 0, 0],[0, 0, 0, 0, 0, 0],[0, 0, 0, 0, 0, 0],[0, 0, 0, 0, 0, 0],[0, 0, 0, 0, 0, 0],[0, 1, 0, 0, 0, 0]]];

L_1 := LieAlgebra(Rationals, mat_1);

S_1 := SemiSimpleType(L_1);

PrintTo("*stdout*","1. ", S_1,"\n");

mat_2 :=[[[0, 0, 0, 0, 0, 0],[0, 0, 0, 0, 1, 0],[0, 0, 0, 0, 0, 0],[0, 0, 0, 0, 0, 0],[0, 0, 0, 0, 0, 0],[0, 0, 0, 0, 0, 0]],[[0, 0, 0, 0, 0, 0],[0, 0, 0, 0, 0, 0],[0, 0, 0, 0, 0, 0],[0, 0, 0, 0, 0, 0],[0, 1, 0, 0, 0, 0],[0, 0, 0, 0, 0, 0]]];

L_2 := LieAlgebra(Rationals, mat_2);

S_2 := SemiSimpleType(L_2);

PrintTo("*stdout*","2. ", S_2,"\n");

mat_3 :=[[[0, 0, 0, 0, 0, 0],[0, 0, 0, 0, 1, 1],[0, 0, 0, 0, 0, 0],[0, 0, 0, 0, 0, 0],[0, 0, 0, 0, 0, 0],[0, 0, 0, 0, 0, 0]],[[0, 0, 0, 0, 0, 0],[0, 0, 0, 0, 0, 0],[0, 0, 0, 0, 0, 0],[0, 0, 0, 0, 0, 0],[0, 1, 0, 0, 0, 0],[0, 1, 0, 0, 0, 0]]];

L_3 := LieAlgebra(Rationals, mat_3);

S_3 := SemiSimpleType(L_3);

PrintTo("*stdout*","3. ", S_3,"\n");

mat_4 :=[[[0, 0, 0, 0, 0, 0],[0, 0, 0, 1, 0, 0],[0, 0, 0, 0, 0, 0],[0, 0, 0, 0, 0, 0],[0, 0, 0, 0, 0, 0],[0, 0, 0, 0, 0, 0]],[[0, 0, 0, 0, 0, 0],[0, 0, 0, 0, 0, 0],[0, 0, 0, 0, 0, 0],[0, 1, 0, 0, 0, 0],[0, 0, 0, 0, 0, 0],[0, 0, 0, 0, 0, 0]]];

L_4 := LieAlgebra(Rationals, mat_4);

S_4 := SemiSimpleType(L_4);

PrintTo("*stdout*","4. ", S_4,"\n");

mat_5 :=[[[0, 0, 0, 0, 0, 0],[0, 0, 0, 1, 0, 1],[0, 0, 0, 0, 0, 0],[0, 0, 0, 0, 0, 0],[0, 0, 0, 0, 0, 0],[0, 0, 0, 0, 0, 0]],[[0, 0, 0, 0, 0, 0],[0, 0, 0, 0, 0, 0],[0, 0, 0, 0, 0, 0],[0, 1, 0, 0, 0, 0],[0, 0, 0, 0, 0, 0],[0, 1, 0, 0, 0, 0]]];

L_5 := LieAlgebra(Rationals, mat_5);

S_5 := SemiSimpleType(L_5);

PrintTo("*stdout*","5. ", S_5,"\n");

mat_6 :=[[[0, 0, 0, 0, 0, 0],[0, 0, 0, 1, 1, 0],[0, 0, 0, 0, 0, 0],[0, 0, 0, 0, 0, 0],[0, 0, 0, 0, 0, 0],[0, 0, 0, 0, 0, 0]],[[0, 0, 0, 0, 0, 0],[0, 0, 0, 0, 0, 0],[0, 0, 0, 0, 0, 0],[0, 1, 0, 0, 0, 0],[0, 1, 0, 0, 0, 0],[0, 0, 0, 0, 0, 0]]];

L_6 := LieAlgebra(Rationals, mat_6);

S_6 := SemiSimpleType(L_6);

PrintTo("*stdout*","6. ", S_6,"\n");

mat_7 :=[[[0, 0, 0, 0, 0, 0],[0, 0, 0, 1, 1, 1],[0, 0, 0, 0, 0, 0],[0, 0, 0, 0, 0, 0],[0, 0, 0, 0, 0, 0],[0, 0, 0, 0, 0, 0]],[[0, 0, 0, 0, 0, 0],[0, 0, 0, 0, 0, 0],[0, 0, 0, 0, 0, 0],[0, 1, 0, 0, 0, 0],[0, 1, 0, 0, 0, 0],[0, 1, 0, 0, 0, 0]]];

L_7 := LieAlgebra(Rationals, mat_7);

S_7 := SemiSimpleType(L_7);

PrintTo("*stdout*","7. ", S_7,"\n");

mat_8 :=[[[0, 0, 0, 0, 0, 0],[0, 0, 1, 0, 0, 0],[0, 0, 0, 0, 0, 0],[0, 0, 0, 0, 0, 0],[0, 0, 0, 0, 0, 0],[0, 0, 0, 0, 0, 0]],[[0, 0, 0, 0, 0, 0],[0, 0, 0, 0, 0, 0],[0, 1, 0, 0, 0, 0],[0, 0, 0, 0, 0, 0],[0, 0, 0, 0, 0, 0],[0, 0, 0, 0, 0, 0]]];

L_8 := LieAlgebra(Rationals, mat_8);

S_8 := SemiSimpleType(L_8);

PrintTo("*stdout*","8. ", S_8,"\n");

mat_9 :=[[[0, 0, 0, 0, 0, 0],[0, 0, 1, 0, 0, 1],[0, 0, 0, 0, 0, 0],[0, 0, 0, 0, 0, 0],[0, 0, 0, 0, 0, 0],[0, 0, 0, 0, 0, 0]],[[0, 0, 0, 0, 0, 0],[0, 0, 0, 0, 0, 0],[0, 1, 0, 0, 0, 0],[0, 0, 0, 0, 0, 0],[0, 0, 0, 0, 0, 0],[0, 1, 0, 0, 0, 0]]];

L_9 := LieAlgebra(Rationals, mat_9);

S_9 := SemiSimpleType(L_9);

PrintTo("*stdout*","9. ", S_9,"\n");

mat_10 :=[[[0, 0, 0, 0, 0, 0],[0, 0, 1, 0, 1, 0],[0, 0, 0, 0, 0, 0],[0, 0, 0, 0, 0, 0],[0, 0, 0, 0, 0, 0],[0, 0, 0, 0, 0, 0]],[[0, 0, 0, 0, 0, 0],[0, 0, 0, 0, 0, 0],[0, 1, 0, 0, 0, 0],[0, 0, 0, 0, 0, 0],[0, 1, 0, 0, 0, 0],[0, 0, 0, 0, 0, 0]]];

L_10 := LieAlgebra(Rationals, mat_10);

S_10 := SemiSimpleType(L_10);

PrintTo("*stdout*","10. ", S_10,"\n");

mat_11 :=[[[0, 0, 0, 0, 0, 0],[0, 0, 1, 0, 1, 1],[0, 0, 0, 0, 0, 0],[0, 0, 0, 0, 0, 0],[0, 0, 0, 0, 0, 0],[0, 0, 0, 0, 0, 0]],[[0, 0, 0, 0, 0, 0],[0, 0, 0, 0, 0, 0],[0, 1, 0, 0, 0, 0],[0, 0, 0, 0, 0, 0],[0, 1, 0, 0, 0, 0],[0, 1, 0, 0, 0, 0]]];

L_11 := LieAlgebra(Rationals, mat_11);

S_11 := SemiSimpleType(L_11);

PrintTo("*stdout*","11. ", S_11,"\n");

mat_12 :=[[[0, 0, 0, 0, 0, 0],[0, 0, 1, 1, 0, 0],[0, 0, 0, 0, 0, 0],[0, 0, 0, 0, 0, 0],[0, 0, 0, 0, 0, 0],[0, 0, 0, 0, 0, 0]],[[0, 0, 0, 0, 0, 0],[0, 0, 0, 0, 0, 0],[0, 1, 0, 0, 0, 0],[0, 1, 0, 0, 0, 0],[0, 0, 0, 0, 0, 0],[0, 0, 0, 0, 0, 0]]];

L_12 := LieAlgebra(Rationals, mat_12);

S_12 := SemiSimpleType(L_12);

PrintTo("*stdout*","12. ", S_12,"\n");

mat_13 :=[[[0, 0, 0, 0, 0, 0],[0, 0, 1, 1, 0, 1],[0, 0, 0, 0, 0, 0],[0, 0, 0, 0, 0, 0],[0, 0, 0, 0, 0, 0],[0, 0, 0, 0, 0, 0]],[[0, 0, 0, 0, 0, 0],[0, 0, 0, 0, 0, 0],[0, 1, 0, 0, 0, 0],[0, 1, 0, 0, 0, 0],[0, 0, 0, 0, 0, 0],[0, 1, 0, 0, 0, 0]]];

L_13 := LieAlgebra(Rationals, mat_13);

S_13 := SemiSimpleType(L_13);

PrintTo("*stdout*","13. ", S_13,"\n");

mat_14 :=[[[0, 0, 0, 0, 0, 0],[0, 0, 1, 1, 1, 0],[0, 0, 0, 0, 0, 0],[0, 0, 0, 0, 0, 0],[0, 0, 0, 0, 0, 0],[0, 0, 0, 0, 0, 0]],[[0, 0, 0, 0, 0, 0],[0, 0, 0, 0, 0, 0],[0, 1, 0, 0, 0, 0],[0, 1, 0, 0, 0, 0],[0, 1, 0, 0, 0, 0],[0, 0, 0, 0, 0, 0]]];

L_14 := LieAlgebra(Rationals, mat_14);

S_14 := SemiSimpleType(L_14);

PrintTo("*stdout*","14. ", S_14,"\n");

mat_15 :=[[[0, 0, 0, 0, 0, 0],[0, 0, 1, 1, 1, 1],[0, 0, 0, 0, 0, 0],[0, 0, 0, 0, 0, 0],[0, 0, 0, 0, 0, 0],[0, 0, 0, 0, 0, 0]],[[0, 0, 0, 0, 0, 0],[0, 0, 0, 0, 0, 0],[0, 1, 0, 0, 0, 0],[0, 1, 0, 0, 0, 0],[0, 1, 0, 0, 0, 0],[0, 1, 0, 0, 0, 0]]];

L_15 := LieAlgebra(Rationals, mat_15);

S_15 := SemiSimpleType(L_15);

PrintTo("*stdout*","15. ", S_15,"\n");

mat_16 :=[[[0, 0, 0, 0, 0, 1],[0, 0, 0, 0, 0, 0],[0, 0, 0, 0, 0, 0],[0, 0, 0, 0, 0, 0],[0, 0, 0, 0, 0, 0],[0, 0, 0, 0, 0, 0]],[[0, 0, 0, 0, 0, 0],[0, 0, 0, 0, 0, 0],[0, 0, 0, 0, 0, 0],[0, 0, 0, 0, 0, 0],[0, 0, 0, 0, 0, 0],[1, 0, 0, 0, 0, 0]]];

L_16 := LieAlgebra(Rationals, mat_16);

S_16 := SemiSimpleType(L_16);

PrintTo("*stdout*","16. ", S_16,"\n");

mat_17 :=[[[0, 0, 0, 0, 0, 1],[0, 0, 0, 0, 0, 1],[0, 0, 0, 0, 0, 0],[0, 0, 0, 0, 0, 0],[0, 0, 0, 0, 0, 0],[0, 0, 0, 0, 0, 0]],[[0, 0, 0, 0, 0, 0],[0, 0, 0, 0, 0, 0],[0, 0, 0, 0, 0, 0],[0, 0, 0, 0, 0, 0],[0, 0, 0, 0, 0, 0],[1, 1, 0, 0, 0, 0]]];

L_17 := LieAlgebra(Rationals, mat_17);

S_17 := SemiSimpleType(L_17);

PrintTo("*stdout*","17. ", S_17,"\n");

mat_18 :=[[[0, 0, 0, 0, 0, 1],[0, 0, 0, 0, 1, 0],[0, 0, 0, 0, 0, 0],[0, 0, 0, 0, 0, 0],[0, 0, 0, 0, 0, 0],[0, 0, 0, 0, 0, 0]],[[0, 0, 0, 0, 0, 0],[0, 0, 0, 0, 0, 0],[0, 0, 0, 0, 0, 0],[0, 0, 0, 0, 0, 0],[0, 1, 0, 0, 0, 0],[1, 0, 0, 0, 0, 0]]];

L_18 := LieAlgebra(Rationals, mat_18);

S_18 := SemiSimpleType(L_18);

PrintTo("*stdout*","18. ", S_18,"\n");

mat_19 :=[[[0, 0, 0, 0, 0, 1],[0, 0, 0, 0, 1, 1],[0, 0, 0, 0, 0, 0],[0, 0, 0, 0, 0, 0],[0, 0, 0, 0, 0, 0],[0, 0, 0, 0, 0, 0]],[[0, 0, 0, 0, 0, 0],[0, 0, 0, 0, 0, 0],[0, 0, 0, 0, 0, 0],[0, 0, 0, 0, 0, 0],[0, 1, 0, 0, 0, 0],[1, 1, 0, 0, 0, 0]]];

L_19 := LieAlgebra(Rationals, mat_19);

S_19 := SemiSimpleType(L_19);

PrintTo("*stdout*","19. ", S_19,"\n");

mat_20 :=[[[0, 0, 0, 0, 0, 1],[0, 0, 0, 1, 0, 0],[0, 0, 0, 0, 0, 0],[0, 0, 0, 0, 0, 0],[0, 0, 0, 0, 0, 0],[0, 0, 0, 0, 0, 0]],[[0, 0, 0, 0, 0, 0],[0, 0, 0, 0, 0, 0],[0, 0, 0, 0, 0, 0],[0, 1, 0, 0, 0, 0],[0, 0, 0, 0, 0, 0],[1, 0, 0, 0, 0, 0]]];

L_20 := LieAlgebra(Rationals, mat_20);

S_20 := SemiSimpleType(L_20);

PrintTo("*stdout*","20. ", S_20,"\n");

mat_21 :=[[[0, 0, 0, 0, 0, 1],[0, 0, 0, 1, 0, 1],[0, 0, 0, 0, 0, 0],[0, 0, 0, 0, 0, 0],[0, 0, 0, 0, 0, 0],[0, 0, 0, 0, 0, 0]],[[0, 0, 0, 0, 0, 0],[0, 0, 0, 0, 0, 0],[0, 0, 0, 0, 0, 0],[0, 1, 0, 0, 0, 0],[0, 0, 0, 0, 0, 0],[1, 1, 0, 0, 0, 0]]];

L_21 := LieAlgebra(Rationals, mat_21);

S_21 := SemiSimpleType(L_21);

PrintTo("*stdout*","21. ", S_21,"\n");

mat_22 :=[[[0, 0, 0, 0, 0, 1],[0, 0, 0, 1, 1, 0],[0, 0, 0, 0, 0, 0],[0, 0, 0, 0, 0, 0],[0, 0, 0, 0, 0, 0],[0, 0, 0, 0, 0, 0]],[[0, 0, 0, 0, 0, 0],[0, 0, 0, 0, 0, 0],[0, 0, 0, 0, 0, 0],[0, 1, 0, 0, 0, 0],[0, 1, 0, 0, 0, 0],[1, 0, 0, 0, 0, 0]]];

L_22 := LieAlgebra(Rationals, mat_22);

S_22 := SemiSimpleType(L_22);

PrintTo("*stdout*","22. ", S_22,"\n");

mat_23 :=[[[0, 0, 0, 0, 0, 1],[0, 0, 0, 1, 1, 1],[0, 0, 0, 0, 0, 0],[0, 0, 0, 0, 0, 0],[0, 0, 0, 0, 0, 0],[0, 0, 0, 0, 0, 0]],[[0, 0, 0, 0, 0, 0],[0, 0, 0, 0, 0, 0],[0, 0, 0, 0, 0, 0],[0, 1, 0, 0, 0, 0],[0, 1, 0, 0, 0, 0],[1, 1, 0, 0, 0, 0]]];

L_23 := LieAlgebra(Rationals, mat_23);

S_23 := SemiSimpleType(L_23);

PrintTo("*stdout*","23. ", S_23,"\n");

mat_24 :=[[[0, 0, 0, 0, 0, 1],[0, 0, 1, 0, 0, 0],[0, 0, 0, 0, 0, 0],[0, 0, 0, 0, 0, 0],[0, 0, 0, 0, 0, 0],[0, 0, 0, 0, 0, 0]],[[0, 0, 0, 0, 0, 0],[0, 0, 0, 0, 0, 0],[0, 1, 0, 0, 0, 0],[0, 0, 0, 0, 0, 0],[0, 0, 0, 0, 0, 0],[1, 0, 0, 0, 0, 0]]];

L_24 := LieAlgebra(Rationals, mat_24);

S_24 := SemiSimpleType(L_24);

PrintTo("*stdout*","24. ", S_24,"\n");

mat_25 :=[[[0, 0, 0, 0, 0, 1],[0, 0, 1, 0, 0, 1],[0, 0, 0, 0, 0, 0],[0, 0, 0, 0, 0, 0],[0, 0, 0, 0, 0, 0],[0, 0, 0, 0, 0, 0]],[[0, 0, 0, 0, 0, 0],[0, 0, 0, 0, 0, 0],[0, 1, 0, 0, 0, 0],[0, 0, 0, 0, 0, 0],[0, 0, 0, 0, 0, 0],[1, 1, 0, 0, 0, 0]]];

L_25 := LieAlgebra(Rationals, mat_25);

S_25 := SemiSimpleType(L_25);

PrintTo("*stdout*","25. ", S_25,"\n");

mat_26 :=[[[0, 0, 0, 0, 0, 1],[0, 0, 1, 0, 1, 0],[0, 0, 0, 0, 0, 0],[0, 0, 0, 0, 0, 0],[0, 0, 0, 0, 0, 0],[0, 0, 0, 0, 0, 0]],[[0, 0, 0, 0, 0, 0],[0, 0, 0, 0, 0, 0],[0, 1, 0, 0, 0, 0],[0, 0, 0, 0, 0, 0],[0, 1, 0, 0, 0, 0],[1, 0, 0, 0, 0, 0]]];

L_26 := LieAlgebra(Rationals, mat_26);

S_26 := SemiSimpleType(L_26);

PrintTo("*stdout*","26. ", S_26,"\n");

mat_27 :=[[[0, 0, 0, 0, 0, 1],[0, 0, 1, 0, 1, 1],[0, 0, 0, 0, 0, 0],[0, 0, 0, 0, 0, 0],[0, 0, 0, 0, 0, 0],[0, 0, 0, 0, 0, 0]],[[0, 0, 0, 0, 0, 0],[0, 0, 0, 0, 0, 0],[0, 1, 0, 0, 0, 0],[0, 0, 0, 0, 0, 0],[0, 1, 0, 0, 0, 0],[1, 1, 0, 0, 0, 0]]];

L_27 := LieAlgebra(Rationals, mat_27);

S_27 := SemiSimpleType(L_27);

PrintTo("*stdout*","27. ", S_27,"\n");

mat_28 :=[[[0, 0, 0, 0, 0, 1],[0, 0, 1, 1, 0, 0],[0, 0, 0, 0, 0, 0],[0, 0, 0, 0, 0, 0],[0, 0, 0, 0, 0, 0],[0, 0, 0, 0, 0, 0]],[[0, 0, 0, 0, 0, 0],[0, 0, 0, 0, 0, 0],[0, 1, 0, 0, 0, 0],[0, 1, 0, 0, 0, 0],[0, 0, 0, 0, 0, 0],[1, 0, 0, 0, 0, 0]]];

L_28 := LieAlgebra(Rationals, mat_28);

S_28 := SemiSimpleType(L_28);

PrintTo("*stdout*","28. ", S_28,"\n");

mat_29 :=[[[0, 0, 0, 0, 0, 1],[0, 0, 1, 1, 0, 1],[0, 0, 0, 0, 0, 0],[0, 0, 0, 0, 0, 0],[0, 0, 0, 0, 0, 0],[0, 0, 0, 0, 0, 0]],[[0, 0, 0, 0, 0, 0],[0, 0, 0, 0, 0, 0],[0, 1, 0, 0, 0, 0],[0, 1, 0, 0, 0, 0],[0, 0, 0, 0, 0, 0],[1, 1, 0, 0, 0, 0]]];

L_29 := LieAlgebra(Rationals, mat_29);

S_29 := SemiSimpleType(L_29);

PrintTo("*stdout*","29. ", S_29,"\n");

mat_30 :=[[[0, 0, 0, 0, 0, 1],[0, 0, 1, 1, 1, 0],[0, 0, 0, 0, 0, 0],[0, 0, 0, 0, 0, 0],[0, 0, 0, 0, 0, 0],[0, 0, 0, 0, 0, 0]],[[0, 0, 0, 0, 0, 0],[0, 0, 0, 0, 0, 0],[0, 1, 0, 0, 0, 0],[0, 1, 0, 0, 0, 0],[0, 1, 0, 0, 0, 0],[1, 0, 0, 0, 0, 0]]];

L_30 := LieAlgebra(Rationals, mat_30);

S_30 := SemiSimpleType(L_30);

PrintTo("*stdout*","30. ", S_30,"\n");

mat_31 :=[[[0, 0, 0, 0, 0, 1],[0, 0, 1, 1, 1, 1],[0, 0, 0, 0, 0, 0],[0, 0, 0, 0, 0, 0],[0, 0, 0, 0, 0, 0],[0, 0, 0, 0, 0, 0]],[[0, 0, 0, 0, 0, 0],[0, 0, 0, 0, 0, 0],[0, 1, 0, 0, 0, 0],[0, 1, 0, 0, 0, 0],[0, 1, 0, 0, 0, 0],[1, 1, 0, 0, 0, 0]]];

L_31 := LieAlgebra(Rationals, mat_31);

S_31 := SemiSimpleType(L_31);

PrintTo("*stdout*","31. ", S_31,"\n");

mat_32 :=[[[0, 0, 0, 0, 1, 0],[0, 0, 0, 0, 0, 0],[0, 0, 0, 0, 0, 0],[0, 0, 0, 0, 0, 0],[0, 0, 0, 0, 0, 0],[0, 0, 0, 0, 0, 0]],[[0, 0, 0, 0, 0, 0],[0, 0, 0, 0, 0, 0],[0, 0, 0, 0, 0, 0],[0, 0, 0, 0, 0, 0],[1, 0, 0, 0, 0, 0],[0, 0, 0, 0, 0, 0]]];

L_32 := LieAlgebra(Rationals, mat_32);

S_32 := SemiSimpleType(L_32);

PrintTo("*stdout*","32. ", S_32,"\n");

mat_33 :=[[[0, 0, 0, 0, 1, 0],[0, 0, 0, 0, 0, 1],[0, 0, 0, 0, 0, 0],[0, 0, 0, 0, 0, 0],[0, 0, 0, 0, 0, 0],[0, 0, 0, 0, 0, 0]],[[0, 0, 0, 0, 0, 0],[0, 0, 0, 0, 0, 0],[0, 0, 0, 0, 0, 0],[0, 0, 0, 0, 0, 0],[1, 0, 0, 0, 0, 0],[0, 1, 0, 0, 0, 0]]];

L_33 := LieAlgebra(Rationals, mat_33);

S_33 := SemiSimpleType(L_33);

PrintTo("*stdout*","33. ", S_33,"\n");

mat_34 :=[[[0, 0, 0, 0, 1, 0],[0, 0, 0, 0, 1, 0],[0, 0, 0, 0, 0, 0],[0, 0, 0, 0, 0, 0],[0, 0, 0, 0, 0, 0],[0, 0, 0, 0, 0, 0]],[[0, 0, 0, 0, 0, 0],[0, 0, 0, 0, 0, 0],[0, 0, 0, 0, 0, 0],[0, 0, 0, 0, 0, 0],[1, 1, 0, 0, 0, 0],[0, 0, 0, 0, 0, 0]]];

L_34 := LieAlgebra(Rationals, mat_34);

S_34 := SemiSimpleType(L_34);

PrintTo("*stdout*","34. ", S_34,"\n");

mat_35 :=[[[0, 0, 0, 0, 1, 0],[0, 0, 0, 0, 1, 1],[0, 0, 0, 0, 0, 0],[0, 0, 0, 0, 0, 0],[0, 0, 0, 0, 0, 0],[0, 0, 0, 0, 0, 0]],[[0, 0, 0, 0, 0, 0],[0, 0, 0, 0, 0, 0],[0, 0, 0, 0, 0, 0],[0, 0, 0, 0, 0, 0],[1, 1, 0, 0, 0, 0],[0, 1, 0, 0, 0, 0]]];

L_35 := LieAlgebra(Rationals, mat_35);

S_35 := SemiSimpleType(L_35);

PrintTo("*stdout*","35. ", S_35,"\n");

mat_36 :=[[[0, 0, 0, 0, 1, 0],[0, 0, 0, 1, 0, 0],[0, 0, 0, 0, 0, 0],[0, 0, 0, 0, 0, 0],[0, 0, 0, 0, 0, 0],[0, 0, 0, 0, 0, 0]],[[0, 0, 0, 0, 0, 0],[0, 0, 0, 0, 0, 0],[0, 0, 0, 0, 0, 0],[0, 1, 0, 0, 0, 0],[1, 0, 0, 0, 0, 0],[0, 0, 0, 0, 0, 0]]];

L_36 := LieAlgebra(Rationals, mat_36);

S_36 := SemiSimpleType(L_36);

PrintTo("*stdout*","36. ", S_36,"\n");

mat_37 :=[[[0, 0, 0, 0, 1, 0],[0, 0, 0, 1, 0, 1],[0, 0, 0, 0, 0, 0],[0, 0, 0, 0, 0, 0],[0, 0, 0, 0, 0, 0],[0, 0, 0, 0, 0, 0]],[[0, 0, 0, 0, 0, 0],[0, 0, 0, 0, 0, 0],[0, 0, 0, 0, 0, 0],[0, 1, 0, 0, 0, 0],[1, 0, 0, 0, 0, 0],[0, 1, 0, 0, 0, 0]]];

L_37 := LieAlgebra(Rationals, mat_37);

S_37 := SemiSimpleType(L_37);

PrintTo("*stdout*","37. ", S_37,"\n");

mat_38 :=[[[0, 0, 0, 0, 1, 0],[0, 0, 0, 1, 1, 0],[0, 0, 0, 0, 0, 0],[0, 0, 0, 0, 0, 0],[0, 0, 0, 0, 0, 0],[0, 0, 0, 0, 0, 0]],[[0, 0, 0, 0, 0, 0],[0, 0, 0, 0, 0, 0],[0, 0, 0, 0, 0, 0],[0, 1, 0, 0, 0, 0],[1, 1, 0, 0, 0, 0],[0, 0, 0, 0, 0, 0]]];

L_38 := LieAlgebra(Rationals, mat_38);

S_38 := SemiSimpleType(L_38);

PrintTo("*stdout*","38. ", S_38,"\n");

mat_39 :=[[[0, 0, 0, 0, 1, 0],[0, 0, 0, 1, 1, 1],[0, 0, 0, 0, 0, 0],[0, 0, 0, 0, 0, 0],[0, 0, 0, 0, 0, 0],[0, 0, 0, 0, 0, 0]],[[0, 0, 0, 0, 0, 0],[0, 0, 0, 0, 0, 0],[0, 0, 0, 0, 0, 0],[0, 1, 0, 0, 0, 0],[1, 1, 0, 0, 0, 0],[0, 1, 0, 0, 0, 0]]];

L_39 := LieAlgebra(Rationals, mat_39);

S_39 := SemiSimpleType(L_39);

PrintTo("*stdout*","39. ", S_39,"\n");

mat_40 :=[[[0, 0, 0, 0, 1, 0],[0, 0, 1, 0, 0, 0],[0, 0, 0, 0, 0, 0],[0, 0, 0, 0, 0, 0],[0, 0, 0, 0, 0, 0],[0, 0, 0, 0, 0, 0]],[[0, 0, 0, 0, 0, 0],[0, 0, 0, 0, 0, 0],[0, 1, 0, 0, 0, 0],[0, 0, 0, 0, 0, 0],[1, 0, 0, 0, 0, 0],[0, 0, 0, 0, 0, 0]]];

L_40 := LieAlgebra(Rationals, mat_40);

S_40 := SemiSimpleType(L_40);

PrintTo("*stdout*","40. ", S_40,"\n");

mat_41 :=[[[0, 0, 0, 0, 1, 0],[0, 0, 1, 0, 0, 1],[0, 0, 0, 0, 0, 0],[0, 0, 0, 0, 0, 0],[0, 0, 0, 0, 0, 0],[0, 0, 0, 0, 0, 0]],[[0, 0, 0, 0, 0, 0],[0, 0, 0, 0, 0, 0],[0, 1, 0, 0, 0, 0],[0, 0, 0, 0, 0, 0],[1, 0, 0, 0, 0, 0],[0, 1, 0, 0, 0, 0]]];

L_41 := LieAlgebra(Rationals, mat_41);

S_41 := SemiSimpleType(L_41);

PrintTo("*stdout*","41. ", S_41,"\n");

mat_42 :=[[[0, 0, 0, 0, 1, 0],[0, 0, 1, 0, 1, 0],[0, 0, 0, 0, 0, 0],[0, 0, 0, 0, 0, 0],[0, 0, 0, 0, 0, 0],[0, 0, 0, 0, 0, 0]],[[0, 0, 0, 0, 0, 0],[0, 0, 0, 0, 0, 0],[0, 1, 0, 0, 0, 0],[0, 0, 0, 0, 0, 0],[1, 1, 0, 0, 0, 0],[0, 0, 0, 0, 0, 0]]];

L_42 := LieAlgebra(Rationals, mat_42);

S_42 := SemiSimpleType(L_42);

PrintTo("*stdout*","42. ", S_42,"\n");

mat_43 :=[[[0, 0, 0, 0, 1, 0],[0, 0, 1, 0, 1, 1],[0, 0, 0, 0, 0, 0],[0, 0, 0, 0, 0, 0],[0, 0, 0, 0, 0, 0],[0, 0, 0, 0, 0, 0]],[[0, 0, 0, 0, 0, 0],[0, 0, 0, 0, 0, 0],[0, 1, 0, 0, 0, 0],[0, 0, 0, 0, 0, 0],[1, 1, 0, 0, 0, 0],[0, 1, 0, 0, 0, 0]]];

L_43 := LieAlgebra(Rationals, mat_43);

S_43 := SemiSimpleType(L_43);

PrintTo("*stdout*","43. ", S_43,"\n");

mat_44 :=[[[0, 0, 0, 0, 1, 0],[0, 0, 1, 1, 0, 0],[0, 0, 0, 0, 0, 0],[0, 0, 0, 0, 0, 0],[0, 0, 0, 0, 0, 0],[0, 0, 0, 0, 0, 0]],[[0, 0, 0, 0, 0, 0],[0, 0, 0, 0, 0, 0],[0, 1, 0, 0, 0, 0],[0, 1, 0, 0, 0, 0],[1, 0, 0, 0, 0, 0],[0, 0, 0, 0, 0, 0]]];

L_44 := LieAlgebra(Rationals, mat_44);

S_44 := SemiSimpleType(L_44);

PrintTo("*stdout*","44. ", S_44,"\n");

mat_45 :=[[[0, 0, 0, 0, 1, 0],[0, 0, 1, 1, 0, 1],[0, 0, 0, 0, 0, 0],[0, 0, 0, 0, 0, 0],[0, 0, 0, 0, 0, 0],[0, 0, 0, 0, 0, 0]],[[0, 0, 0, 0, 0, 0],[0, 0, 0, 0, 0, 0],[0, 1, 0, 0, 0, 0],[0, 1, 0, 0, 0, 0],[1, 0, 0, 0, 0, 0],[0, 1, 0, 0, 0, 0]]];

L_45 := LieAlgebra(Rationals, mat_45);

S_45 := SemiSimpleType(L_45);

PrintTo("*stdout*","45. ", S_45,"\n");

mat_46 :=[[[0, 0, 0, 0, 1, 0],[0, 0, 1, 1, 1, 0],[0, 0, 0, 0, 0, 0],[0, 0, 0, 0, 0, 0],[0, 0, 0, 0, 0, 0],[0, 0, 0, 0, 0, 0]],[[0, 0, 0, 0, 0, 0],[0, 0, 0, 0, 0, 0],[0, 1, 0, 0, 0, 0],[0, 1, 0, 0, 0, 0],[1, 1, 0, 0, 0, 0],[0, 0, 0, 0, 0, 0]]];

L_46 := LieAlgebra(Rationals, mat_46);

S_46 := SemiSimpleType(L_46);

PrintTo("*stdout*","46. ", S_46,"\n");

mat_47 :=[[[0, 0, 0, 0, 1, 0],[0, 0, 1, 1, 1, 1],[0, 0, 0, 0, 0, 0],[0, 0, 0, 0, 0, 0],[0, 0, 0, 0, 0, 0],[0, 0, 0, 0, 0, 0]],[[0, 0, 0, 0, 0, 0],[0, 0, 0, 0, 0, 0],[0, 1, 0, 0, 0, 0],[0, 1, 0, 0, 0, 0],[1, 1, 0, 0, 0, 0],[0, 1, 0, 0, 0, 0]]];

L_47 := LieAlgebra(Rationals, mat_47);

S_47 := SemiSimpleType(L_47);

PrintTo("*stdout*","47. ", S_47,"\n");

mat_48 :=[[[0, 0, 0, 0, 1, 1],[0, 0, 0, 0, 0, 0],[0, 0, 0, 0, 0, 0],[0, 0, 0, 0, 0, 0],[0, 0, 0, 0, 0, 0],[0, 0, 0, 0, 0, 0]],[[0, 0, 0, 0, 0, 0],[0, 0, 0, 0, 0, 0],[0, 0, 0, 0, 0, 0],[0, 0, 0, 0, 0, 0],[1, 0, 0, 0, 0, 0],[1, 0, 0, 0, 0, 0]]];

L_48 := LieAlgebra(Rationals, mat_48);

S_48 := SemiSimpleType(L_48);

PrintTo("*stdout*","48. ", S_48,"\n");

mat_49 :=[[[0, 0, 0, 0, 1, 1],[0, 0, 0, 0, 0, 1],[0, 0, 0, 0, 0, 0],[0, 0, 0, 0, 0, 0],[0, 0, 0, 0, 0, 0],[0, 0, 0, 0, 0, 0]],[[0, 0, 0, 0, 0, 0],[0, 0, 0, 0, 0, 0],[0, 0, 0, 0, 0, 0],[0, 0, 0, 0, 0, 0],[1, 0, 0, 0, 0, 0],[1, 1, 0, 0, 0, 0]]];

L_49 := LieAlgebra(Rationals, mat_49);

S_49 := SemiSimpleType(L_49);

PrintTo("*stdout*","49. ", S_49,"\n");

mat_50 :=[[[0, 0, 0, 0, 1, 1],[0, 0, 0, 0, 1, 0],[0, 0, 0, 0, 0, 0],[0, 0, 0, 0, 0, 0],[0, 0, 0, 0, 0, 0],[0, 0, 0, 0, 0, 0]],[[0, 0, 0, 0, 0, 0],[0, 0, 0, 0, 0, 0],[0, 0, 0, 0, 0, 0],[0, 0, 0, 0, 0, 0],[1, 1, 0, 0, 0, 0],[1, 0, 0, 0, 0, 0]]];

L_50 := LieAlgebra(Rationals, mat_50);

S_50 := SemiSimpleType(L_50);

PrintTo("*stdout*","50. ", S_50,"\n");

mat_51 :=[[[0, 0, 0, 0, 1, 1],[0, 0, 0, 0, 1, 1],[0, 0, 0, 0, 0, 0],[0, 0, 0, 0, 0, 0],[0, 0, 0, 0, 0, 0],[0, 0, 0, 0, 0, 0]],[[0, 0, 0, 0, 0, 0],[0, 0, 0, 0, 0, 0],[0, 0, 0, 0, 0, 0],[0, 0, 0, 0, 0, 0],[1, 1, 0, 0, 0, 0],[1, 1, 0, 0, 0, 0]]];

L_51 := LieAlgebra(Rationals, mat_51);

S_51 := SemiSimpleType(L_51);

PrintTo("*stdout*","51. ", S_51,"\n");

mat_52 :=[[[0, 0, 0, 0, 1, 1],[0, 0, 0, 1, 0, 0],[0, 0, 0, 0, 0, 0],[0, 0, 0, 0, 0, 0],[0, 0, 0, 0, 0, 0],[0, 0, 0, 0, 0, 0]],[[0, 0, 0, 0, 0, 0],[0, 0, 0, 0, 0, 0],[0, 0, 0, 0, 0, 0],[0, 1, 0, 0, 0, 0],[1, 0, 0, 0, 0, 0],[1, 0, 0, 0, 0, 0]]];

L_52 := LieAlgebra(Rationals, mat_52);

S_52 := SemiSimpleType(L_52);

PrintTo("*stdout*","52. ", S_52,"\n");

mat_53 :=[[[0, 0, 0, 0, 1, 1],[0, 0, 0, 1, 0, 1],[0, 0, 0, 0, 0, 0],[0, 0, 0, 0, 0, 0],[0, 0, 0, 0, 0, 0],[0, 0, 0, 0, 0, 0]],[[0, 0, 0, 0, 0, 0],[0, 0, 0, 0, 0, 0],[0, 0, 0, 0, 0, 0],[0, 1, 0, 0, 0, 0],[1, 0, 0, 0, 0, 0],[1, 1, 0, 0, 0, 0]]];

L_53 := LieAlgebra(Rationals, mat_53);

S_53 := SemiSimpleType(L_53);

PrintTo("*stdout*","53. ", S_53,"\n");

mat_54 :=[[[0, 0, 0, 0, 1, 1],[0, 0, 0, 1, 1, 0],[0, 0, 0, 0, 0, 0],[0, 0, 0, 0, 0, 0],[0, 0, 0, 0, 0, 0],[0, 0, 0, 0, 0, 0]],[[0, 0, 0, 0, 0, 0],[0, 0, 0, 0, 0, 0],[0, 0, 0, 0, 0, 0],[0, 1, 0, 0, 0, 0],[1, 1, 0, 0, 0, 0],[1, 0, 0, 0, 0, 0]]];

L_54 := LieAlgebra(Rationals, mat_54);

S_54 := SemiSimpleType(L_54);

PrintTo("*stdout*","54. ", S_54,"\n");

mat_55 :=[[[0, 0, 0, 0, 1, 1],[0, 0, 0, 1, 1, 1],[0, 0, 0, 0, 0, 0],[0, 0, 0, 0, 0, 0],[0, 0, 0, 0, 0, 0],[0, 0, 0, 0, 0, 0]],[[0, 0, 0, 0, 0, 0],[0, 0, 0, 0, 0, 0],[0, 0, 0, 0, 0, 0],[0, 1, 0, 0, 0, 0],[1, 1, 0, 0, 0, 0],[1, 1, 0, 0, 0, 0]]];

L_55 := LieAlgebra(Rationals, mat_55);

S_55 := SemiSimpleType(L_55);

PrintTo("*stdout*","55. ", S_55,"\n");

mat_56 :=[[[0, 0, 0, 0, 1, 1],[0, 0, 1, 0, 0, 0],[0, 0, 0, 0, 0, 0],[0, 0, 0, 0, 0, 0],[0, 0, 0, 0, 0, 0],[0, 0, 0, 0, 0, 0]],[[0, 0, 0, 0, 0, 0],[0, 0, 0, 0, 0, 0],[0, 1, 0, 0, 0, 0],[0, 0, 0, 0, 0, 0],[1, 0, 0, 0, 0, 0],[1, 0, 0, 0, 0, 0]]];

L_56 := LieAlgebra(Rationals, mat_56);

S_56 := SemiSimpleType(L_56);

PrintTo("*stdout*","56. ", S_56,"\n");

mat_57 :=[[[0, 0, 0, 0, 1, 1],[0, 0, 1, 0, 0, 1],[0, 0, 0, 0, 0, 0],[0, 0, 0, 0, 0, 0],[0, 0, 0, 0, 0, 0],[0, 0, 0, 0, 0, 0]],[[0, 0, 0, 0, 0, 0],[0, 0, 0, 0, 0, 0],[0, 1, 0, 0, 0, 0],[0, 0, 0, 0, 0, 0],[1, 0, 0, 0, 0, 0],[1, 1, 0, 0, 0, 0]]];

L_57 := LieAlgebra(Rationals, mat_57);

S_57 := SemiSimpleType(L_57);

PrintTo("*stdout*","57. ", S_57,"\n");

mat_58 :=[[[0, 0, 0, 0, 1, 1],[0, 0, 1, 0, 1, 0],[0, 0, 0, 0, 0, 0],[0, 0, 0, 0, 0, 0],[0, 0, 0, 0, 0, 0],[0, 0, 0, 0, 0, 0]],[[0, 0, 0, 0, 0, 0],[0, 0, 0, 0, 0, 0],[0, 1, 0, 0, 0, 0],[0, 0, 0, 0, 0, 0],[1, 1, 0, 0, 0, 0],[1, 0, 0, 0, 0, 0]]];

L_58 := LieAlgebra(Rationals, mat_58);

S_58 := SemiSimpleType(L_58);

PrintTo("*stdout*","58. ", S_58,"\n");

mat_59 :=[[[0, 0, 0, 0, 1, 1],[0, 0, 1, 0, 1, 1],[0, 0, 0, 0, 0, 0],[0, 0, 0, 0, 0, 0],[0, 0, 0, 0, 0, 0],[0, 0, 0, 0, 0, 0]],[[0, 0, 0, 0, 0, 0],[0, 0, 0, 0, 0, 0],[0, 1, 0, 0, 0, 0],[0, 0, 0, 0, 0, 0],[1, 1, 0, 0, 0, 0],[1, 1, 0, 0, 0, 0]]];

L_59 := LieAlgebra(Rationals, mat_59);

S_59 := SemiSimpleType(L_59);

PrintTo("*stdout*","59. ", S_59,"\n");

mat_60 :=[[[0, 0, 0, 0, 1, 1],[0, 0, 1, 1, 0, 0],[0, 0, 0, 0, 0, 0],[0, 0, 0, 0, 0, 0],[0, 0, 0, 0, 0, 0],[0, 0, 0, 0, 0, 0]],[[0, 0, 0, 0, 0, 0],[0, 0, 0, 0, 0, 0],[0, 1, 0, 0, 0, 0],[0, 1, 0, 0, 0, 0],[1, 0, 0, 0, 0, 0],[1, 0, 0, 0, 0, 0]]];

L_60 := LieAlgebra(Rationals, mat_60);

S_60 := SemiSimpleType(L_60);

PrintTo("*stdout*","60. ", S_60,"\n");

mat_61 :=[[[0, 0, 0, 0, 1, 1],[0, 0, 1, 1, 0, 1],[0, 0, 0, 0, 0, 0],[0, 0, 0, 0, 0, 0],[0, 0, 0, 0, 0, 0],[0, 0, 0, 0, 0, 0]],[[0, 0, 0, 0, 0, 0],[0, 0, 0, 0, 0, 0],[0, 1, 0, 0, 0, 0],[0, 1, 0, 0, 0, 0],[1, 0, 0, 0, 0, 0],[1, 1, 0, 0, 0, 0]]];

L_61 := LieAlgebra(Rationals, mat_61);

S_61 := SemiSimpleType(L_61);

PrintTo("*stdout*","61. ", S_61,"\n");

mat_62 :=[[[0, 0, 0, 0, 1, 1],[0, 0, 1, 1, 1, 0],[0, 0, 0, 0, 0, 0],[0, 0, 0, 0, 0, 0],[0, 0, 0, 0, 0, 0],[0, 0, 0, 0, 0, 0]],[[0, 0, 0, 0, 0, 0],[0, 0, 0, 0, 0, 0],[0, 1, 0, 0, 0, 0],[0, 1, 0, 0, 0, 0],[1, 1, 0, 0, 0, 0],[1, 0, 0, 0, 0, 0]]];

L_62 := LieAlgebra(Rationals, mat_62);

S_62 := SemiSimpleType(L_62);

PrintTo("*stdout*","62. ", S_62,"\n");

mat_63 :=[[[0, 0, 0, 0, 1, 1],[0, 0, 1, 1, 1, 1],[0, 0, 0, 0, 0, 0],[0, 0, 0, 0, 0, 0],[0, 0, 0, 0, 0, 0],[0, 0, 0, 0, 0, 0]],[[0, 0, 0, 0, 0, 0],[0, 0, 0, 0, 0, 0],[0, 1, 0, 0, 0, 0],[0, 1, 0, 0, 0, 0],[1, 1, 0, 0, 0, 0],[1, 1, 0, 0, 0, 0]]];

L_63 := LieAlgebra(Rationals, mat_63);

S_63 := SemiSimpleType(L_63);

PrintTo("*stdout*","63. ", S_63,"\n");

mat_64 :=[[[0, 0, 0, 1, 0, 0],[0, 0, 0, 0, 0, 0],[0, 0, 0, 0, 0, 0],[0, 0, 0, 0, 0, 0],[0, 0, 0, 0, 0, 0],[0, 0, 0, 0, 0, 0]],[[0, 0, 0, 0, 0, 0],[0, 0, 0, 0, 0, 0],[0, 0, 0, 0, 0, 0],[1, 0, 0, 0, 0, 0],[0, 0, 0, 0, 0, 0],[0, 0, 0, 0, 0, 0]]];

L_64 := LieAlgebra(Rationals, mat_64);

S_64 := SemiSimpleType(L_64);

PrintTo("*stdout*","64. ", S_64,"\n");

mat_65 :=[[[0, 0, 0, 1, 0, 0],[0, 0, 0, 0, 0, 1],[0, 0, 0, 0, 0, 0],[0, 0, 0, 0, 0, 0],[0, 0, 0, 0, 0, 0],[0, 0, 0, 0, 0, 0]],[[0, 0, 0, 0, 0, 0],[0, 0, 0, 0, 0, 0],[0, 0, 0, 0, 0, 0],[1, 0, 0, 0, 0, 0],[0, 0, 0, 0, 0, 0],[0, 1, 0, 0, 0, 0]]];

L_65 := LieAlgebra(Rationals, mat_65);

S_65 := SemiSimpleType(L_65);

PrintTo("*stdout*","65. ", S_65,"\n");

mat_66 :=[[[0, 0, 0, 1, 0, 0],[0, 0, 0, 0, 1, 0],[0, 0, 0, 0, 0, 0],[0, 0, 0, 0, 0, 0],[0, 0, 0, 0, 0, 0],[0, 0, 0, 0, 0, 0]],[[0, 0, 0, 0, 0, 0],[0, 0, 0, 0, 0, 0],[0, 0, 0, 0, 0, 0],[1, 0, 0, 0, 0, 0],[0, 1, 0, 0, 0, 0],[0, 0, 0, 0, 0, 0]]];

L_66 := LieAlgebra(Rationals, mat_66);

S_66 := SemiSimpleType(L_66);

PrintTo("*stdout*","66. ", S_66,"\n");

mat_67 :=[[[0, 0, 0, 1, 0, 0],[0, 0, 0, 0, 1, 1],[0, 0, 0, 0, 0, 0],[0, 0, 0, 0, 0, 0],[0, 0, 0, 0, 0, 0],[0, 0, 0, 0, 0, 0]],[[0, 0, 0, 0, 0, 0],[0, 0, 0, 0, 0, 0],[0, 0, 0, 0, 0, 0],[1, 0, 0, 0, 0, 0],[0, 1, 0, 0, 0, 0],[0, 1, 0, 0, 0, 0]]];

L_67 := LieAlgebra(Rationals, mat_67);

S_67 := SemiSimpleType(L_67);

PrintTo("*stdout*","67. ", S_67,"\n");

mat_68 :=[[[0, 0, 0, 1, 0, 0],[0, 0, 0, 1, 0, 0],[0, 0, 0, 0, 0, 0],[0, 0, 0, 0, 0, 0],[0, 0, 0, 0, 0, 0],[0, 0, 0, 0, 0, 0]],[[0, 0, 0, 0, 0, 0],[0, 0, 0, 0, 0, 0],[0, 0, 0, 0, 0, 0],[1, 1, 0, 0, 0, 0],[0, 0, 0, 0, 0, 0],[0, 0, 0, 0, 0, 0]]];

L_68 := LieAlgebra(Rationals, mat_68);

S_68 := SemiSimpleType(L_68);

PrintTo("*stdout*","68. ", S_68,"\n");

mat_69 :=[[[0, 0, 0, 1, 0, 0],[0, 0, 0, 1, 0, 1],[0, 0, 0, 0, 0, 0],[0, 0, 0, 0, 0, 0],[0, 0, 0, 0, 0, 0],[0, 0, 0, 0, 0, 0]],[[0, 0, 0, 0, 0, 0],[0, 0, 0, 0, 0, 0],[0, 0, 0, 0, 0, 0],[1, 1, 0, 0, 0, 0],[0, 0, 0, 0, 0, 0],[0, 1, 0, 0, 0, 0]]];

L_69 := LieAlgebra(Rationals, mat_69);

S_69 := SemiSimpleType(L_69);

PrintTo("*stdout*","69. ", S_69,"\n");

mat_70 :=[[[0, 0, 0, 1, 0, 0],[0, 0, 0, 1, 1, 0],[0, 0, 0, 0, 0, 0],[0, 0, 0, 0, 0, 0],[0, 0, 0, 0, 0, 0],[0, 0, 0, 0, 0, 0]],[[0, 0, 0, 0, 0, 0],[0, 0, 0, 0, 0, 0],[0, 0, 0, 0, 0, 0],[1, 1, 0, 0, 0, 0],[0, 1, 0, 0, 0, 0],[0, 0, 0, 0, 0, 0]]];

L_70 := LieAlgebra(Rationals, mat_70);

S_70 := SemiSimpleType(L_70);

PrintTo("*stdout*","70. ", S_70,"\n");

mat_71 :=[[[0, 0, 0, 1, 0, 0],[0, 0, 0, 1, 1, 1],[0, 0, 0, 0, 0, 0],[0, 0, 0, 0, 0, 0],[0, 0, 0, 0, 0, 0],[0, 0, 0, 0, 0, 0]],[[0, 0, 0, 0, 0, 0],[0, 0, 0, 0, 0, 0],[0, 0, 0, 0, 0, 0],[1, 1, 0, 0, 0, 0],[0, 1, 0, 0, 0, 0],[0, 1, 0, 0, 0, 0]]];

L_71 := LieAlgebra(Rationals, mat_71);

S_71 := SemiSimpleType(L_71);

PrintTo("*stdout*","71. ", S_71,"\n");

mat_72 :=[[[0, 0, 0, 1, 0, 0],[0, 0, 1, 0, 0, 0],[0, 0, 0, 0, 0, 0],[0, 0, 0, 0, 0, 0],[0, 0, 0, 0, 0, 0],[0, 0, 0, 0, 0, 0]],[[0, 0, 0, 0, 0, 0],[0, 0, 0, 0, 0, 0],[0, 1, 0, 0, 0, 0],[1, 0, 0, 0, 0, 0],[0, 0, 0, 0, 0, 0],[0, 0, 0, 0, 0, 0]]];

L_72 := LieAlgebra(Rationals, mat_72);

S_72 := SemiSimpleType(L_72);

PrintTo("*stdout*","72. ", S_72,"\n");

mat_73 :=[[[0, 0, 0, 1, 0, 0],[0, 0, 1, 0, 0, 1],[0, 0, 0, 0, 0, 0],[0, 0, 0, 0, 0, 0],[0, 0, 0, 0, 0, 0],[0, 0, 0, 0, 0, 0]],[[0, 0, 0, 0, 0, 0],[0, 0, 0, 0, 0, 0],[0, 1, 0, 0, 0, 0],[1, 0, 0, 0, 0, 0],[0, 0, 0, 0, 0, 0],[0, 1, 0, 0, 0, 0]]];

L_73 := LieAlgebra(Rationals, mat_73);

S_73 := SemiSimpleType(L_73);

PrintTo("*stdout*","73. ", S_73,"\n");

mat_74 :=[[[0, 0, 0, 1, 0, 0],[0, 0, 1, 0, 1, 0],[0, 0, 0, 0, 0, 0],[0, 0, 0, 0, 0, 0],[0, 0, 0, 0, 0, 0],[0, 0, 0, 0, 0, 0]],[[0, 0, 0, 0, 0, 0],[0, 0, 0, 0, 0, 0],[0, 1, 0, 0, 0, 0],[1, 0, 0, 0, 0, 0],[0, 1, 0, 0, 0, 0],[0, 0, 0, 0, 0, 0]]];

L_74 := LieAlgebra(Rationals, mat_74);

S_74 := SemiSimpleType(L_74);

PrintTo("*stdout*","74. ", S_74,"\n");

mat_75 :=[[[0, 0, 0, 1, 0, 0],[0, 0, 1, 0, 1, 1],[0, 0, 0, 0, 0, 0],[0, 0, 0, 0, 0, 0],[0, 0, 0, 0, 0, 0],[0, 0, 0, 0, 0, 0]],[[0, 0, 0, 0, 0, 0],[0, 0, 0, 0, 0, 0],[0, 1, 0, 0, 0, 0],[1, 0, 0, 0, 0, 0],[0, 1, 0, 0, 0, 0],[0, 1, 0, 0, 0, 0]]];

L_75 := LieAlgebra(Rationals, mat_75);

S_75 := SemiSimpleType(L_75);

PrintTo("*stdout*","75. ", S_75,"\n");

mat_76 :=[[[0, 0, 0, 1, 0, 0],[0, 0, 1, 1, 0, 0],[0, 0, 0, 0, 0, 0],[0, 0, 0, 0, 0, 0],[0, 0, 0, 0, 0, 0],[0, 0, 0, 0, 0, 0]],[[0, 0, 0, 0, 0, 0],[0, 0, 0, 0, 0, 0],[0, 1, 0, 0, 0, 0],[1, 1, 0, 0, 0, 0],[0, 0, 0, 0, 0, 0],[0, 0, 0, 0, 0, 0]]];

L_76 := LieAlgebra(Rationals, mat_76);

S_76 := SemiSimpleType(L_76);

PrintTo("*stdout*","76. ", S_76,"\n");

mat_77 :=[[[0, 0, 0, 1, 0, 0],[0, 0, 1, 1, 0, 1],[0, 0, 0, 0, 0, 0],[0, 0, 0, 0, 0, 0],[0, 0, 0, 0, 0, 0],[0, 0, 0, 0, 0, 0]],[[0, 0, 0, 0, 0, 0],[0, 0, 0, 0, 0, 0],[0, 1, 0, 0, 0, 0],[1, 1, 0, 0, 0, 0],[0, 0, 0, 0, 0, 0],[0, 1, 0, 0, 0, 0]]];

L_77 := LieAlgebra(Rationals, mat_77);

S_77 := SemiSimpleType(L_77);

PrintTo("*stdout*","77. ", S_77,"\n");

mat_78 :=[[[0, 0, 0, 1, 0, 0],[0, 0, 1, 1, 1, 0],[0, 0, 0, 0, 0, 0],[0, 0, 0, 0, 0, 0],[0, 0, 0, 0, 0, 0],[0, 0, 0, 0, 0, 0]],[[0, 0, 0, 0, 0, 0],[0, 0, 0, 0, 0, 0],[0, 1, 0, 0, 0, 0],[1, 1, 0, 0, 0, 0],[0, 1, 0, 0, 0, 0],[0, 0, 0, 0, 0, 0]]];

L_78 := LieAlgebra(Rationals, mat_78);

S_78 := SemiSimpleType(L_78);

PrintTo("*stdout*","78. ", S_78,"\n");

mat_79 :=[[[0, 0, 0, 1, 0, 0],[0, 0, 1, 1, 1, 1],[0, 0, 0, 0, 0, 0],[0, 0, 0, 0, 0, 0],[0, 0, 0, 0, 0, 0],[0, 0, 0, 0, 0, 0]],[[0, 0, 0, 0, 0, 0],[0, 0, 0, 0, 0, 0],[0, 1, 0, 0, 0, 0],[1, 1, 0, 0, 0, 0],[0, 1, 0, 0, 0, 0],[0, 1, 0, 0, 0, 0]]];

L_79 := LieAlgebra(Rationals, mat_79);

S_79 := SemiSimpleType(L_79);

PrintTo("*stdout*","79. ", S_79,"\n");

mat_80 :=[[[0, 0, 0, 1, 0, 1],[0, 0, 0, 0, 0, 0],[0, 0, 0, 0, 0, 0],[0, 0, 0, 0, 0, 0],[0, 0, 0, 0, 0, 0],[0, 0, 0, 0, 0, 0]],[[0, 0, 0, 0, 0, 0],[0, 0, 0, 0, 0, 0],[0, 0, 0, 0, 0, 0],[1, 0, 0, 0, 0, 0],[0, 0, 0, 0, 0, 0],[1, 0, 0, 0, 0, 0]]];

L_80 := LieAlgebra(Rationals, mat_80);

S_80 := SemiSimpleType(L_80);

PrintTo("*stdout*","80. ", S_80,"\n");

mat_81 :=[[[0, 0, 0, 1, 0, 1],[0, 0, 0, 0, 0, 1],[0, 0, 0, 0, 0, 0],[0, 0, 0, 0, 0, 0],[0, 0, 0, 0, 0, 0],[0, 0, 0, 0, 0, 0]],[[0, 0, 0, 0, 0, 0],[0, 0, 0, 0, 0, 0],[0, 0, 0, 0, 0, 0],[1, 0, 0, 0, 0, 0],[0, 0, 0, 0, 0, 0],[1, 1, 0, 0, 0, 0]]];

L_81 := LieAlgebra(Rationals, mat_81);

S_81 := SemiSimpleType(L_81);

PrintTo("*stdout*","81. ", S_81,"\n");

mat_82 :=[[[0, 0, 0, 1, 0, 1],[0, 0, 0, 0, 1, 0],[0, 0, 0, 0, 0, 0],[0, 0, 0, 0, 0, 0],[0, 0, 0, 0, 0, 0],[0, 0, 0, 0, 0, 0]],[[0, 0, 0, 0, 0, 0],[0, 0, 0, 0, 0, 0],[0, 0, 0, 0, 0, 0],[1, 0, 0, 0, 0, 0],[0, 1, 0, 0, 0, 0],[1, 0, 0, 0, 0, 0]]];

L_82 := LieAlgebra(Rationals, mat_82);

S_82 := SemiSimpleType(L_82);

PrintTo("*stdout*","82. ", S_82,"\n");

mat_83 :=[[[0, 0, 0, 1, 0, 1],[0, 0, 0, 0, 1, 1],[0, 0, 0, 0, 0, 0],[0, 0, 0, 0, 0, 0],[0, 0, 0, 0, 0, 0],[0, 0, 0, 0, 0, 0]],[[0, 0, 0, 0, 0, 0],[0, 0, 0, 0, 0, 0],[0, 0, 0, 0, 0, 0],[1, 0, 0, 0, 0, 0],[0, 1, 0, 0, 0, 0],[1, 1, 0, 0, 0, 0]]];

L_83 := LieAlgebra(Rationals, mat_83);

S_83 := SemiSimpleType(L_83);

PrintTo("*stdout*","83. ", S_83,"\n");

mat_84 :=[[[0, 0, 0, 1, 0, 1],[0, 0, 0, 1, 0, 0],[0, 0, 0, 0, 0, 0],[0, 0, 0, 0, 0, 0],[0, 0, 0, 0, 0, 0],[0, 0, 0, 0, 0, 0]],[[0, 0, 0, 0, 0, 0],[0, 0, 0, 0, 0, 0],[0, 0, 0, 0, 0, 0],[1, 1, 0, 0, 0, 0],[0, 0, 0, 0, 0, 0],[1, 0, 0, 0, 0, 0]]];

L_84 := LieAlgebra(Rationals, mat_84);

S_84 := SemiSimpleType(L_84);

PrintTo("*stdout*","84. ", S_84,"\n");

mat_85 :=[[[0, 0, 0, 1, 0, 1],[0, 0, 0, 1, 0, 1],[0, 0, 0, 0, 0, 0],[0, 0, 0, 0, 0, 0],[0, 0, 0, 0, 0, 0],[0, 0, 0, 0, 0, 0]],[[0, 0, 0, 0, 0, 0],[0, 0, 0, 0, 0, 0],[0, 0, 0, 0, 0, 0],[1, 1, 0, 0, 0, 0],[0, 0, 0, 0, 0, 0],[1, 1, 0, 0, 0, 0]]];

L_85 := LieAlgebra(Rationals, mat_85);

S_85 := SemiSimpleType(L_85);

PrintTo("*stdout*","85. ", S_85,"\n");

mat_86 :=[[[0, 0, 0, 1, 0, 1],[0, 0, 0, 1, 1, 0],[0, 0, 0, 0, 0, 0],[0, 0, 0, 0, 0, 0],[0, 0, 0, 0, 0, 0],[0, 0, 0, 0, 0, 0]],[[0, 0, 0, 0, 0, 0],[0, 0, 0, 0, 0, 0],[0, 0, 0, 0, 0, 0],[1, 1, 0, 0, 0, 0],[0, 1, 0, 0, 0, 0],[1, 0, 0, 0, 0, 0]]];

L_86 := LieAlgebra(Rationals, mat_86);

S_86 := SemiSimpleType(L_86);

PrintTo("*stdout*","86. ", S_86,"\n");

mat_87 :=[[[0, 0, 0, 1, 0, 1],[0, 0, 0, 1, 1, 1],[0, 0, 0, 0, 0, 0],[0, 0, 0, 0, 0, 0],[0, 0, 0, 0, 0, 0],[0, 0, 0, 0, 0, 0]],[[0, 0, 0, 0, 0, 0],[0, 0, 0, 0, 0, 0],[0, 0, 0, 0, 0, 0],[1, 1, 0, 0, 0, 0],[0, 1, 0, 0, 0, 0],[1, 1, 0, 0, 0, 0]]];

L_87 := LieAlgebra(Rationals, mat_87);

S_87 := SemiSimpleType(L_87);

PrintTo("*stdout*","87. ", S_87,"\n");

mat_88 :=[[[0, 0, 0, 1, 0, 1],[0, 0, 1, 0, 0, 0],[0, 0, 0, 0, 0, 0],[0, 0, 0, 0, 0, 0],[0, 0, 0, 0, 0, 0],[0, 0, 0, 0, 0, 0]],[[0, 0, 0, 0, 0, 0],[0, 0, 0, 0, 0, 0],[0, 1, 0, 0, 0, 0],[1, 0, 0, 0, 0, 0],[0, 0, 0, 0, 0, 0],[1, 0, 0, 0, 0, 0]]];

L_88 := LieAlgebra(Rationals, mat_88);

S_88 := SemiSimpleType(L_88);

PrintTo("*stdout*","88. ", S_88,"\n");

mat_89 :=[[[0, 0, 0, 1, 0, 1],[0, 0, 1, 0, 0, 1],[0, 0, 0, 0, 0, 0],[0, 0, 0, 0, 0, 0],[0, 0, 0, 0, 0, 0],[0, 0, 0, 0, 0, 0]],[[0, 0, 0, 0, 0, 0],[0, 0, 0, 0, 0, 0],[0, 1, 0, 0, 0, 0],[1, 0, 0, 0, 0, 0],[0, 0, 0, 0, 0, 0],[1, 1, 0, 0, 0, 0]]];

L_89 := LieAlgebra(Rationals, mat_89);

S_89 := SemiSimpleType(L_89);

PrintTo("*stdout*","89. ", S_89,"\n");

mat_90 :=[[[0, 0, 0, 1, 0, 1],[0, 0, 1, 0, 1, 0],[0, 0, 0, 0, 0, 0],[0, 0, 0, 0, 0, 0],[0, 0, 0, 0, 0, 0],[0, 0, 0, 0, 0, 0]],[[0, 0, 0, 0, 0, 0],[0, 0, 0, 0, 0, 0],[0, 1, 0, 0, 0, 0],[1, 0, 0, 0, 0, 0],[0, 1, 0, 0, 0, 0],[1, 0, 0, 0, 0, 0]]];

L_90 := LieAlgebra(Rationals, mat_90);

S_90 := SemiSimpleType(L_90);

PrintTo("*stdout*","90. ", S_90,"\n");

mat_91 :=[[[0, 0, 0, 1, 0, 1],[0, 0, 1, 0, 1, 1],[0, 0, 0, 0, 0, 0],[0, 0, 0, 0, 0, 0],[0, 0, 0, 0, 0, 0],[0, 0, 0, 0, 0, 0]],[[0, 0, 0, 0, 0, 0],[0, 0, 0, 0, 0, 0],[0, 1, 0, 0, 0, 0],[1, 0, 0, 0, 0, 0],[0, 1, 0, 0, 0, 0],[1, 1, 0, 0, 0, 0]]];

L_91 := LieAlgebra(Rationals, mat_91);

S_91 := SemiSimpleType(L_91);

PrintTo("*stdout*","91. ", S_91,"\n");

mat_92 :=[[[0, 0, 0, 1, 0, 1],[0, 0, 1, 1, 0, 0],[0, 0, 0, 0, 0, 0],[0, 0, 0, 0, 0, 0],[0, 0, 0, 0, 0, 0],[0, 0, 0, 0, 0, 0]],[[0, 0, 0, 0, 0, 0],[0, 0, 0, 0, 0, 0],[0, 1, 0, 0, 0, 0],[1, 1, 0, 0, 0, 0],[0, 0, 0, 0, 0, 0],[1, 0, 0, 0, 0, 0]]];

L_92 := LieAlgebra(Rationals, mat_92);

S_92 := SemiSimpleType(L_92);

PrintTo("*stdout*","92. ", S_92,"\n");

mat_93 :=[[[0, 0, 0, 1, 0, 1],[0, 0, 1, 1, 0, 1],[0, 0, 0, 0, 0, 0],[0, 0, 0, 0, 0, 0],[0, 0, 0, 0, 0, 0],[0, 0, 0, 0, 0, 0]],[[0, 0, 0, 0, 0, 0],[0, 0, 0, 0, 0, 0],[0, 1, 0, 0, 0, 0],[1, 1, 0, 0, 0, 0],[0, 0, 0, 0, 0, 0],[1, 1, 0, 0, 0, 0]]];

L_93 := LieAlgebra(Rationals, mat_93);

S_93 := SemiSimpleType(L_93);

PrintTo("*stdout*","93. ", S_93,"\n");

mat_94 :=[[[0, 0, 0, 1, 0, 1],[0, 0, 1, 1, 1, 0],[0, 0, 0, 0, 0, 0],[0, 0, 0, 0, 0, 0],[0, 0, 0, 0, 0, 0],[0, 0, 0, 0, 0, 0]],[[0, 0, 0, 0, 0, 0],[0, 0, 0, 0, 0, 0],[0, 1, 0, 0, 0, 0],[1, 1, 0, 0, 0, 0],[0, 1, 0, 0, 0, 0],[1, 0, 0, 0, 0, 0]]];

L_94 := LieAlgebra(Rationals, mat_94);

S_94 := SemiSimpleType(L_94);

PrintTo("*stdout*","94. ", S_94,"\n");

mat_95 :=[[[0, 0, 0, 1, 0, 1],[0, 0, 1, 1, 1, 1],[0, 0, 0, 0, 0, 0],[0, 0, 0, 0, 0, 0],[0, 0, 0, 0, 0, 0],[0, 0, 0, 0, 0, 0]],[[0, 0, 0, 0, 0, 0],[0, 0, 0, 0, 0, 0],[0, 1, 0, 0, 0, 0],[1, 1, 0, 0, 0, 0],[0, 1, 0, 0, 0, 0],[1, 1, 0, 0, 0, 0]]];

L_95 := LieAlgebra(Rationals, mat_95);

S_95 := SemiSimpleType(L_95);

PrintTo("*stdout*","95. ", S_95,"\n");

mat_96 :=[[[0, 0, 0, 1, 1, 0],[0, 0, 0, 0, 0, 0],[0, 0, 0, 0, 0, 0],[0, 0, 0, 0, 0, 0],[0, 0, 0, 0, 0, 0],[0, 0, 0, 0, 0, 0]],[[0, 0, 0, 0, 0, 0],[0, 0, 0, 0, 0, 0],[0, 0, 0, 0, 0, 0],[1, 0, 0, 0, 0, 0],[1, 0, 0, 0, 0, 0],[0, 0, 0, 0, 0, 0]]];

L_96 := LieAlgebra(Rationals, mat_96);

S_96 := SemiSimpleType(L_96);

PrintTo("*stdout*","96. ", S_96,"\n");

mat_97 :=[[[0, 0, 0, 1, 1, 0],[0, 0, 0, 0, 0, 1],[0, 0, 0, 0, 0, 0],[0, 0, 0, 0, 0, 0],[0, 0, 0, 0, 0, 0],[0, 0, 0, 0, 0, 0]],[[0, 0, 0, 0, 0, 0],[0, 0, 0, 0, 0, 0],[0, 0, 0, 0, 0, 0],[1, 0, 0, 0, 0, 0],[1, 0, 0, 0, 0, 0],[0, 1, 0, 0, 0, 0]]];

L_97 := LieAlgebra(Rationals, mat_97);

S_97 := SemiSimpleType(L_97);

PrintTo("*stdout*","97. ", S_97,"\n");

mat_98 :=[[[0, 0, 0, 1, 1, 0],[0, 0, 0, 0, 1, 0],[0, 0, 0, 0, 0, 0],[0, 0, 0, 0, 0, 0],[0, 0, 0, 0, 0, 0],[0, 0, 0, 0, 0, 0]],[[0, 0, 0, 0, 0, 0],[0, 0, 0, 0, 0, 0],[0, 0, 0, 0, 0, 0],[1, 0, 0, 0, 0, 0],[1, 1, 0, 0, 0, 0],[0, 0, 0, 0, 0, 0]]];

L_98 := LieAlgebra(Rationals, mat_98);

S_98 := SemiSimpleType(L_98);

PrintTo("*stdout*","98. ", S_98,"\n");

mat_99 :=[[[0, 0, 0, 1, 1, 0],[0, 0, 0, 0, 1, 1],[0, 0, 0, 0, 0, 0],[0, 0, 0, 0, 0, 0],[0, 0, 0, 0, 0, 0],[0, 0, 0, 0, 0, 0]],[[0, 0, 0, 0, 0, 0],[0, 0, 0, 0, 0, 0],[0, 0, 0, 0, 0, 0],[1, 0, 0, 0, 0, 0],[1, 1, 0, 0, 0, 0],[0, 1, 0, 0, 0, 0]]];

L_99 := LieAlgebra(Rationals, mat_99);

S_99 := SemiSimpleType(L_99);

PrintTo("*stdout*","99. ", S_99,"\n");

mat_100 :=[[[0, 0, 0, 1, 1, 0],[0, 0, 0, 1, 0, 0],[0, 0, 0, 0, 0, 0],[0, 0, 0, 0, 0, 0],[0, 0, 0, 0, 0, 0],[0, 0, 0, 0, 0, 0]],[[0, 0, 0, 0, 0, 0],[0, 0, 0, 0, 0, 0],[0, 0, 0, 0, 0, 0],[1, 1, 0, 0, 0, 0],[1, 0, 0, 0, 0, 0],[0, 0, 0, 0, 0, 0]]];

L_100 := LieAlgebra(Rationals, mat_100);

S_100 := SemiSimpleType(L_100);

PrintTo("*stdout*","100. ", S_100,"\n");

mat_101 :=[[[0, 0, 0, 1, 1, 0],[0, 0, 0, 1, 0, 1],[0, 0, 0, 0, 0, 0],[0, 0, 0, 0, 0, 0],[0, 0, 0, 0, 0, 0],[0, 0, 0, 0, 0, 0]],[[0, 0, 0, 0, 0, 0],[0, 0, 0, 0, 0, 0],[0, 0, 0, 0, 0, 0],[1, 1, 0, 0, 0, 0],[1, 0, 0, 0, 0, 0],[0, 1, 0, 0, 0, 0]]];

L_101 := LieAlgebra(Rationals, mat_101);

S_101 := SemiSimpleType(L_101);

PrintTo("*stdout*","101. ", S_101,"\n");

mat_102 :=[[[0, 0, 0, 1, 1, 0],[0, 0, 0, 1, 1, 0],[0, 0, 0, 0, 0, 0],[0, 0, 0, 0, 0, 0],[0, 0, 0, 0, 0, 0],[0, 0, 0, 0, 0, 0]],[[0, 0, 0, 0, 0, 0],[0, 0, 0, 0, 0, 0],[0, 0, 0, 0, 0, 0],[1, 1, 0, 0, 0, 0],[1, 1, 0, 0, 0, 0],[0, 0, 0, 0, 0, 0]]];

L_102 := LieAlgebra(Rationals, mat_102);

S_102 := SemiSimpleType(L_102);

PrintTo("*stdout*","102. ", S_102,"\n");

mat_103 :=[[[0, 0, 0, 1, 1, 0],[0, 0, 0, 1, 1, 1],[0, 0, 0, 0, 0, 0],[0, 0, 0, 0, 0, 0],[0, 0, 0, 0, 0, 0],[0, 0, 0, 0, 0, 0]],[[0, 0, 0, 0, 0, 0],[0, 0, 0, 0, 0, 0],[0, 0, 0, 0, 0, 0],[1, 1, 0, 0, 0, 0],[1, 1, 0, 0, 0, 0],[0, 1, 0, 0, 0, 0]]];

L_103 := LieAlgebra(Rationals, mat_103);

S_103 := SemiSimpleType(L_103);

PrintTo("*stdout*","103. ", S_103,"\n");

mat_104 :=[[[0, 0, 0, 1, 1, 0],[0, 0, 1, 0, 0, 0],[0, 0, 0, 0, 0, 0],[0, 0, 0, 0, 0, 0],[0, 0, 0, 0, 0, 0],[0, 0, 0, 0, 0, 0]],[[0, 0, 0, 0, 0, 0],[0, 0, 0, 0, 0, 0],[0, 1, 0, 0, 0, 0],[1, 0, 0, 0, 0, 0],[1, 0, 0, 0, 0, 0],[0, 0, 0, 0, 0, 0]]];

L_104 := LieAlgebra(Rationals, mat_104);

S_104 := SemiSimpleType(L_104);

PrintTo("*stdout*","104. ", S_104,"\n");

mat_105 :=[[[0, 0, 0, 1, 1, 0],[0, 0, 1, 0, 0, 1],[0, 0, 0, 0, 0, 0],[0, 0, 0, 0, 0, 0],[0, 0, 0, 0, 0, 0],[0, 0, 0, 0, 0, 0]],[[0, 0, 0, 0, 0, 0],[0, 0, 0, 0, 0, 0],[0, 1, 0, 0, 0, 0],[1, 0, 0, 0, 0, 0],[1, 0, 0, 0, 0, 0],[0, 1, 0, 0, 0, 0]]];

L_105 := LieAlgebra(Rationals, mat_105);

S_105 := SemiSimpleType(L_105);

PrintTo("*stdout*","105. ", S_105,"\n");

mat_106 :=[[[0, 0, 0, 1, 1, 0],[0, 0, 1, 0, 1, 0],[0, 0, 0, 0, 0, 0],[0, 0, 0, 0, 0, 0],[0, 0, 0, 0, 0, 0],[0, 0, 0, 0, 0, 0]],[[0, 0, 0, 0, 0, 0],[0, 0, 0, 0, 0, 0],[0, 1, 0, 0, 0, 0],[1, 0, 0, 0, 0, 0],[1, 1, 0, 0, 0, 0],[0, 0, 0, 0, 0, 0]]];

L_106 := LieAlgebra(Rationals, mat_106);

S_106 := SemiSimpleType(L_106);

PrintTo("*stdout*","106. ", S_106,"\n");

mat_107 :=[[[0, 0, 0, 1, 1, 0],[0, 0, 1, 0, 1, 1],[0, 0, 0, 0, 0, 0],[0, 0, 0, 0, 0, 0],[0, 0, 0, 0, 0, 0],[0, 0, 0, 0, 0, 0]],[[0, 0, 0, 0, 0, 0],[0, 0, 0, 0, 0, 0],[0, 1, 0, 0, 0, 0],[1, 0, 0, 0, 0, 0],[1, 1, 0, 0, 0, 0],[0, 1, 0, 0, 0, 0]]];

L_107 := LieAlgebra(Rationals, mat_107);

S_107 := SemiSimpleType(L_107);

PrintTo("*stdout*","107. ", S_107,"\n");

mat_108 :=[[[0, 0, 0, 1, 1, 0],[0, 0, 1, 1, 0, 0],[0, 0, 0, 0, 0, 0],[0, 0, 0, 0, 0, 0],[0, 0, 0, 0, 0, 0],[0, 0, 0, 0, 0, 0]],[[0, 0, 0, 0, 0, 0],[0, 0, 0, 0, 0, 0],[0, 1, 0, 0, 0, 0],[1, 1, 0, 0, 0, 0],[1, 0, 0, 0, 0, 0],[0, 0, 0, 0, 0, 0]]];

L_108 := LieAlgebra(Rationals, mat_108);

S_108 := SemiSimpleType(L_108);

PrintTo("*stdout*","108. ", S_108,"\n");

mat_109 :=[[[0, 0, 0, 1, 1, 0],[0, 0, 1, 1, 0, 1],[0, 0, 0, 0, 0, 0],[0, 0, 0, 0, 0, 0],[0, 0, 0, 0, 0, 0],[0, 0, 0, 0, 0, 0]],[[0, 0, 0, 0, 0, 0],[0, 0, 0, 0, 0, 0],[0, 1, 0, 0, 0, 0],[1, 1, 0, 0, 0, 0],[1, 0, 0, 0, 0, 0],[0, 1, 0, 0, 0, 0]]];

L_109 := LieAlgebra(Rationals, mat_109);

S_109 := SemiSimpleType(L_109);

PrintTo("*stdout*","109. ", S_109,"\n");

mat_110 :=[[[0, 0, 0, 1, 1, 0],[0, 0, 1, 1, 1, 0],[0, 0, 0, 0, 0, 0],[0, 0, 0, 0, 0, 0],[0, 0, 0, 0, 0, 0],[0, 0, 0, 0, 0, 0]],[[0, 0, 0, 0, 0, 0],[0, 0, 0, 0, 0, 0],[0, 1, 0, 0, 0, 0],[1, 1, 0, 0, 0, 0],[1, 1, 0, 0, 0, 0],[0, 0, 0, 0, 0, 0]]];

L_110 := LieAlgebra(Rationals, mat_110);

S_110 := SemiSimpleType(L_110);

PrintTo("*stdout*","110. ", S_110,"\n");

mat_111 :=[[[0, 0, 0, 1, 1, 0],[0, 0, 1, 1, 1, 1],[0, 0, 0, 0, 0, 0],[0, 0, 0, 0, 0, 0],[0, 0, 0, 0, 0, 0],[0, 0, 0, 0, 0, 0]],[[0, 0, 0, 0, 0, 0],[0, 0, 0, 0, 0, 0],[0, 1, 0, 0, 0, 0],[1, 1, 0, 0, 0, 0],[1, 1, 0, 0, 0, 0],[0, 1, 0, 0, 0, 0]]];

L_111 := LieAlgebra(Rationals, mat_111);

S_111 := SemiSimpleType(L_111);

PrintTo("*stdout*","111. ", S_111,"\n");

mat_112 :=[[[0, 0, 0, 1, 1, 1],[0, 0, 0, 0, 0, 0],[0, 0, 0, 0, 0, 0],[0, 0, 0, 0, 0, 0],[0, 0, 0, 0, 0, 0],[0, 0, 0, 0, 0, 0]],[[0, 0, 0, 0, 0, 0],[0, 0, 0, 0, 0, 0],[0, 0, 0, 0, 0, 0],[1, 0, 0, 0, 0, 0],[1, 0, 0, 0, 0, 0],[1, 0, 0, 0, 0, 0]]];

L_112 := LieAlgebra(Rationals, mat_112);

S_112 := SemiSimpleType(L_112);

PrintTo("*stdout*","112. ", S_112,"\n");

mat_113 :=[[[0, 0, 0, 1, 1, 1],[0, 0, 0, 0, 0, 1],[0, 0, 0, 0, 0, 0],[0, 0, 0, 0, 0, 0],[0, 0, 0, 0, 0, 0],[0, 0, 0, 0, 0, 0]],[[0, 0, 0, 0, 0, 0],[0, 0, 0, 0, 0, 0],[0, 0, 0, 0, 0, 0],[1, 0, 0, 0, 0, 0],[1, 0, 0, 0, 0, 0],[1, 1, 0, 0, 0, 0]]];

L_113 := LieAlgebra(Rationals, mat_113);

S_113 := SemiSimpleType(L_113);

PrintTo("*stdout*","113. ", S_113,"\n");

mat_114 :=[[[0, 0, 0, 1, 1, 1],[0, 0, 0, 0, 1, 0],[0, 0, 0, 0, 0, 0],[0, 0, 0, 0, 0, 0],[0, 0, 0, 0, 0, 0],[0, 0, 0, 0, 0, 0]],[[0, 0, 0, 0, 0, 0],[0, 0, 0, 0, 0, 0],[0, 0, 0, 0, 0, 0],[1, 0, 0, 0, 0, 0],[1, 1, 0, 0, 0, 0],[1, 0, 0, 0, 0, 0]]];

L_114 := LieAlgebra(Rationals, mat_114);

S_114 := SemiSimpleType(L_114);

PrintTo("*stdout*","114. ", S_114,"\n");

mat_115 :=[[[0, 0, 0, 1, 1, 1],[0, 0, 0, 0, 1, 1],[0, 0, 0, 0, 0, 0],[0, 0, 0, 0, 0, 0],[0, 0, 0, 0, 0, 0],[0, 0, 0, 0, 0, 0]],[[0, 0, 0, 0, 0, 0],[0, 0, 0, 0, 0, 0],[0, 0, 0, 0, 0, 0],[1, 0, 0, 0, 0, 0],[1, 1, 0, 0, 0, 0],[1, 1, 0, 0, 0, 0]]];

L_115 := LieAlgebra(Rationals, mat_115);

S_115 := SemiSimpleType(L_115);

PrintTo("*stdout*","115. ", S_115,"\n");

mat_116 :=[[[0, 0, 0, 1, 1, 1],[0, 0, 0, 1, 0, 0],[0, 0, 0, 0, 0, 0],[0, 0, 0, 0, 0, 0],[0, 0, 0, 0, 0, 0],[0, 0, 0, 0, 0, 0]],[[0, 0, 0, 0, 0, 0],[0, 0, 0, 0, 0, 0],[0, 0, 0, 0, 0, 0],[1, 1, 0, 0, 0, 0],[1, 0, 0, 0, 0, 0],[1, 0, 0, 0, 0, 0]]];

L_116 := LieAlgebra(Rationals, mat_116);

S_116 := SemiSimpleType(L_116);

PrintTo("*stdout*","116. ", S_116,"\n");

mat_117 :=[[[0, 0, 0, 1, 1, 1],[0, 0, 0, 1, 0, 1],[0, 0, 0, 0, 0, 0],[0, 0, 0, 0, 0, 0],[0, 0, 0, 0, 0, 0],[0, 0, 0, 0, 0, 0]],[[0, 0, 0, 0, 0, 0],[0, 0, 0, 0, 0, 0],[0, 0, 0, 0, 0, 0],[1, 1, 0, 0, 0, 0],[1, 0, 0, 0, 0, 0],[1, 1, 0, 0, 0, 0]]];

L_117 := LieAlgebra(Rationals, mat_117);

S_117 := SemiSimpleType(L_117);

PrintTo("*stdout*","117. ", S_117,"\n");

mat_118 :=[[[0, 0, 0, 1, 1, 1],[0, 0, 0, 1, 1, 0],[0, 0, 0, 0, 0, 0],[0, 0, 0, 0, 0, 0],[0, 0, 0, 0, 0, 0],[0, 0, 0, 0, 0, 0]],[[0, 0, 0, 0, 0, 0],[0, 0, 0, 0, 0, 0],[0, 0, 0, 0, 0, 0],[1, 1, 0, 0, 0, 0],[1, 1, 0, 0, 0, 0],[1, 0, 0, 0, 0, 0]]];

L_118 := LieAlgebra(Rationals, mat_118);

S_118 := SemiSimpleType(L_118);

PrintTo("*stdout*","118. ", S_118,"\n");

mat_119 :=[[[0, 0, 0, 1, 1, 1],[0, 0, 0, 1, 1, 1],[0, 0, 0, 0, 0, 0],[0, 0, 0, 0, 0, 0],[0, 0, 0, 0, 0, 0],[0, 0, 0, 0, 0, 0]],[[0, 0, 0, 0, 0, 0],[0, 0, 0, 0, 0, 0],[0, 0, 0, 0, 0, 0],[1, 1, 0, 0, 0, 0],[1, 1, 0, 0, 0, 0],[1, 1, 0, 0, 0, 0]]];

L_119 := LieAlgebra(Rationals, mat_119);

S_119 := SemiSimpleType(L_119);

PrintTo("*stdout*","119. ", S_119,"\n");

mat_120 :=[[[0, 0, 0, 1, 1, 1],[0, 0, 1, 0, 0, 0],[0, 0, 0, 0, 0, 0],[0, 0, 0, 0, 0, 0],[0, 0, 0, 0, 0, 0],[0, 0, 0, 0, 0, 0]],[[0, 0, 0, 0, 0, 0],[0, 0, 0, 0, 0, 0],[0, 1, 0, 0, 0, 0],[1, 0, 0, 0, 0, 0],[1, 0, 0, 0, 0, 0],[1, 0, 0, 0, 0, 0]]];

L_120 := LieAlgebra(Rationals, mat_120);

S_120 := SemiSimpleType(L_120);

PrintTo("*stdout*","120. ", S_120,"\n");

mat_121 :=[[[0, 0, 0, 1, 1, 1],[0, 0, 1, 0, 0, 1],[0, 0, 0, 0, 0, 0],[0, 0, 0, 0, 0, 0],[0, 0, 0, 0, 0, 0],[0, 0, 0, 0, 0, 0]],[[0, 0, 0, 0, 0, 0],[0, 0, 0, 0, 0, 0],[0, 1, 0, 0, 0, 0],[1, 0, 0, 0, 0, 0],[1, 0, 0, 0, 0, 0],[1, 1, 0, 0, 0, 0]]];

L_121 := LieAlgebra(Rationals, mat_121);

S_121 := SemiSimpleType(L_121);

PrintTo("*stdout*","121. ", S_121,"\n");

mat_122 :=[[[0, 0, 0, 1, 1, 1],[0, 0, 1, 0, 1, 0],[0, 0, 0, 0, 0, 0],[0, 0, 0, 0, 0, 0],[0, 0, 0, 0, 0, 0],[0, 0, 0, 0, 0, 0]],[[0, 0, 0, 0, 0, 0],[0, 0, 0, 0, 0, 0],[0, 1, 0, 0, 0, 0],[1, 0, 0, 0, 0, 0],[1, 1, 0, 0, 0, 0],[1, 0, 0, 0, 0, 0]]];

L_122 := LieAlgebra(Rationals, mat_122);

S_122 := SemiSimpleType(L_122);

PrintTo("*stdout*","122. ", S_122,"\n");

mat_123 :=[[[0, 0, 0, 1, 1, 1],[0, 0, 1, 0, 1, 1],[0, 0, 0, 0, 0, 0],[0, 0, 0, 0, 0, 0],[0, 0, 0, 0, 0, 0],[0, 0, 0, 0, 0, 0]],[[0, 0, 0, 0, 0, 0],[0, 0, 0, 0, 0, 0],[0, 1, 0, 0, 0, 0],[1, 0, 0, 0, 0, 0],[1, 1, 0, 0, 0, 0],[1, 1, 0, 0, 0, 0]]];

L_123 := LieAlgebra(Rationals, mat_123);

S_123 := SemiSimpleType(L_123);

PrintTo("*stdout*","123. ", S_123,"\n");

mat_124 :=[[[0, 0, 0, 1, 1, 1],[0, 0, 1, 1, 0, 0],[0, 0, 0, 0, 0, 0],[0, 0, 0, 0, 0, 0],[0, 0, 0, 0, 0, 0],[0, 0, 0, 0, 0, 0]],[[0, 0, 0, 0, 0, 0],[0, 0, 0, 0, 0, 0],[0, 1, 0, 0, 0, 0],[1, 1, 0, 0, 0, 0],[1, 0, 0, 0, 0, 0],[1, 0, 0, 0, 0, 0]]];

L_124 := LieAlgebra(Rationals, mat_124);

S_124 := SemiSimpleType(L_124);

PrintTo("*stdout*","124. ", S_124,"\n");

mat_125 :=[[[0, 0, 0, 1, 1, 1],[0, 0, 1, 1, 0, 1],[0, 0, 0, 0, 0, 0],[0, 0, 0, 0, 0, 0],[0, 0, 0, 0, 0, 0],[0, 0, 0, 0, 0, 0]],[[0, 0, 0, 0, 0, 0],[0, 0, 0, 0, 0, 0],[0, 1, 0, 0, 0, 0],[1, 1, 0, 0, 0, 0],[1, 0, 0, 0, 0, 0],[1, 1, 0, 0, 0, 0]]];

L_125 := LieAlgebra(Rationals, mat_125);

S_125 := SemiSimpleType(L_125);

PrintTo("*stdout*","125. ", S_125,"\n");

mat_126 :=[[[0, 0, 0, 1, 1, 1],[0, 0, 1, 1, 1, 0],[0, 0, 0, 0, 0, 0],[0, 0, 0, 0, 0, 0],[0, 0, 0, 0, 0, 0],[0, 0, 0, 0, 0, 0]],[[0, 0, 0, 0, 0, 0],[0, 0, 0, 0, 0, 0],[0, 1, 0, 0, 0, 0],[1, 1, 0, 0, 0, 0],[1, 1, 0, 0, 0, 0],[1, 0, 0, 0, 0, 0]]];

L_126 := LieAlgebra(Rationals, mat_126);

S_126 := SemiSimpleType(L_126);

PrintTo("*stdout*","126. ", S_126,"\n");

mat_127 :=[[[0, 0, 0, 1, 1, 1],[0, 0, 1, 1, 1, 1],[0, 0, 0, 0, 0, 0],[0, 0, 0, 0, 0, 0],[0, 0, 0, 0, 0, 0],[0, 0, 0, 0, 0, 0]],[[0, 0, 0, 0, 0, 0],[0, 0, 0, 0, 0, 0],[0, 1, 0, 0, 0, 0],[1, 1, 0, 0, 0, 0],[1, 1, 0, 0, 0, 0],[1, 1, 0, 0, 0, 0]]];

L_127 := LieAlgebra(Rationals, mat_127);

S_127 := SemiSimpleType(L_127);

PrintTo("*stdout*","127. ", S_127,"\n");

mat_128 :=[[[0, 0, 1, 0, 0, 0],[0, 0, 0, 0, 0, 0],[0, 0, 0, 0, 0, 0],[0, 0, 0, 0, 0, 0],[0, 0, 0, 0, 0, 0],[0, 0, 0, 0, 0, 0]],[[0, 0, 0, 0, 0, 0],[0, 0, 0, 0, 0, 0],[1, 0, 0, 0, 0, 0],[0, 0, 0, 0, 0, 0],[0, 0, 0, 0, 0, 0],[0, 0, 0, 0, 0, 0]]];

L_128 := LieAlgebra(Rationals, mat_128);

S_128 := SemiSimpleType(L_128);

PrintTo("*stdout*","128. ", S_128,"\n");

mat_129 :=[[[0, 0, 1, 0, 0, 0],[0, 0, 0, 0, 0, 1],[0, 0, 0, 0, 0, 0],[0, 0, 0, 0, 0, 0],[0, 0, 0, 0, 0, 0],[0, 0, 0, 0, 0, 0]],[[0, 0, 0, 0, 0, 0],[0, 0, 0, 0, 0, 0],[1, 0, 0, 0, 0, 0],[0, 0, 0, 0, 0, 0],[0, 0, 0, 0, 0, 0],[0, 1, 0, 0, 0, 0]]];

L_129 := LieAlgebra(Rationals, mat_129);

S_129 := SemiSimpleType(L_129);

PrintTo("*stdout*","129. ", S_129,"\n");

mat_130 :=[[[0, 0, 1, 0, 0, 0],[0, 0, 0, 0, 1, 0],[0, 0, 0, 0, 0, 0],[0, 0, 0, 0, 0, 0],[0, 0, 0, 0, 0, 0],[0, 0, 0, 0, 0, 0]],[[0, 0, 0, 0, 0, 0],[0, 0, 0, 0, 0, 0],[1, 0, 0, 0, 0, 0],[0, 0, 0, 0, 0, 0],[0, 1, 0, 0, 0, 0],[0, 0, 0, 0, 0, 0]]];

L_130 := LieAlgebra(Rationals, mat_130);

S_130 := SemiSimpleType(L_130);

PrintTo("*stdout*","130. ", S_130,"\n");

mat_131 :=[[[0, 0, 1, 0, 0, 0],[0, 0, 0, 0, 1, 1],[0, 0, 0, 0, 0, 0],[0, 0, 0, 0, 0, 0],[0, 0, 0, 0, 0, 0],[0, 0, 0, 0, 0, 0]],[[0, 0, 0, 0, 0, 0],[0, 0, 0, 0, 0, 0],[1, 0, 0, 0, 0, 0],[0, 0, 0, 0, 0, 0],[0, 1, 0, 0, 0, 0],[0, 1, 0, 0, 0, 0]]];

L_131 := LieAlgebra(Rationals, mat_131);

S_131 := SemiSimpleType(L_131);

PrintTo("*stdout*","131. ", S_131,"\n");

mat_132 :=[[[0, 0, 1, 0, 0, 0],[0, 0, 0, 1, 0, 0],[0, 0, 0, 0, 0, 0],[0, 0, 0, 0, 0, 0],[0, 0, 0, 0, 0, 0],[0, 0, 0, 0, 0, 0]],[[0, 0, 0, 0, 0, 0],[0, 0, 0, 0, 0, 0],[1, 0, 0, 0, 0, 0],[0, 1, 0, 0, 0, 0],[0, 0, 0, 0, 0, 0],[0, 0, 0, 0, 0, 0]]];

L_132 := LieAlgebra(Rationals, mat_132);

S_132 := SemiSimpleType(L_132);

PrintTo("*stdout*","132. ", S_132,"\n");

mat_133 :=[[[0, 0, 1, 0, 0, 0],[0, 0, 0, 1, 0, 1],[0, 0, 0, 0, 0, 0],[0, 0, 0, 0, 0, 0],[0, 0, 0, 0, 0, 0],[0, 0, 0, 0, 0, 0]],[[0, 0, 0, 0, 0, 0],[0, 0, 0, 0, 0, 0],[1, 0, 0, 0, 0, 0],[0, 1, 0, 0, 0, 0],[0, 0, 0, 0, 0, 0],[0, 1, 0, 0, 0, 0]]];

L_133 := LieAlgebra(Rationals, mat_133);

S_133 := SemiSimpleType(L_133);

PrintTo("*stdout*","133. ", S_133,"\n");

mat_134 :=[[[0, 0, 1, 0, 0, 0],[0, 0, 0, 1, 1, 0],[0, 0, 0, 0, 0, 0],[0, 0, 0, 0, 0, 0],[0, 0, 0, 0, 0, 0],[0, 0, 0, 0, 0, 0]],[[0, 0, 0, 0, 0, 0],[0, 0, 0, 0, 0, 0],[1, 0, 0, 0, 0, 0],[0, 1, 0, 0, 0, 0],[0, 1, 0, 0, 0, 0],[0, 0, 0, 0, 0, 0]]];

L_134 := LieAlgebra(Rationals, mat_134);

S_134 := SemiSimpleType(L_134);

PrintTo("*stdout*","134. ", S_134,"\n");

mat_135 :=[[[0, 0, 1, 0, 0, 0],[0, 0, 0, 1, 1, 1],[0, 0, 0, 0, 0, 0],[0, 0, 0, 0, 0, 0],[0, 0, 0, 0, 0, 0],[0, 0, 0, 0, 0, 0]],[[0, 0, 0, 0, 0, 0],[0, 0, 0, 0, 0, 0],[1, 0, 0, 0, 0, 0],[0, 1, 0, 0, 0, 0],[0, 1, 0, 0, 0, 0],[0, 1, 0, 0, 0, 0]]];

L_135 := LieAlgebra(Rationals, mat_135);

S_135 := SemiSimpleType(L_135);

PrintTo("*stdout*","135. ", S_135,"\n");

mat_136 :=[[[0, 0, 1, 0, 0, 0],[0, 0, 1, 0, 0, 0],[0, 0, 0, 0, 0, 0],[0, 0, 0, 0, 0, 0],[0, 0, 0, 0, 0, 0],[0, 0, 0, 0, 0, 0]],[[0, 0, 0, 0, 0, 0],[0, 0, 0, 0, 0, 0],[1, 1, 0, 0, 0, 0],[0, 0, 0, 0, 0, 0],[0, 0, 0, 0, 0, 0],[0, 0, 0, 0, 0, 0]]];

L_136 := LieAlgebra(Rationals, mat_136);

S_136 := SemiSimpleType(L_136);

PrintTo("*stdout*","136. ", S_136,"\n");

mat_137 :=[[[0, 0, 1, 0, 0, 0],[0, 0, 1, 0, 0, 1],[0, 0, 0, 0, 0, 0],[0, 0, 0, 0, 0, 0],[0, 0, 0, 0, 0, 0],[0, 0, 0, 0, 0, 0]],[[0, 0, 0, 0, 0, 0],[0, 0, 0, 0, 0, 0],[1, 1, 0, 0, 0, 0],[0, 0, 0, 0, 0, 0],[0, 0, 0, 0, 0, 0],[0, 1, 0, 0, 0, 0]]];

L_137 := LieAlgebra(Rationals, mat_137);

S_137 := SemiSimpleType(L_137);

PrintTo("*stdout*","137. ", S_137,"\n");

mat_138 :=[[[0, 0, 1, 0, 0, 0],[0, 0, 1, 0, 1, 0],[0, 0, 0, 0, 0, 0],[0, 0, 0, 0, 0, 0],[0, 0, 0, 0, 0, 0],[0, 0, 0, 0, 0, 0]],[[0, 0, 0, 0, 0, 0],[0, 0, 0, 0, 0, 0],[1, 1, 0, 0, 0, 0],[0, 0, 0, 0, 0, 0],[0, 1, 0, 0, 0, 0],[0, 0, 0, 0, 0, 0]]];

L_138 := LieAlgebra(Rationals, mat_138);

S_138 := SemiSimpleType(L_138);

PrintTo("*stdout*","138. ", S_138,"\n");

mat_139 :=[[[0, 0, 1, 0, 0, 0],[0, 0, 1, 0, 1, 1],[0, 0, 0, 0, 0, 0],[0, 0, 0, 0, 0, 0],[0, 0, 0, 0, 0, 0],[0, 0, 0, 0, 0, 0]],[[0, 0, 0, 0, 0, 0],[0, 0, 0, 0, 0, 0],[1, 1, 0, 0, 0, 0],[0, 0, 0, 0, 0, 0],[0, 1, 0, 0, 0, 0],[0, 1, 0, 0, 0, 0]]];

L_139 := LieAlgebra(Rationals, mat_139);

S_139 := SemiSimpleType(L_139);

PrintTo("*stdout*","139. ", S_139,"\n");

mat_140 :=[[[0, 0, 1, 0, 0, 0],[0, 0, 1, 1, 0, 0],[0, 0, 0, 0, 0, 0],[0, 0, 0, 0, 0, 0],[0, 0, 0, 0, 0, 0],[0, 0, 0, 0, 0, 0]],[[0, 0, 0, 0, 0, 0],[0, 0, 0, 0, 0, 0],[1, 1, 0, 0, 0, 0],[0, 1, 0, 0, 0, 0],[0, 0, 0, 0, 0, 0],[0, 0, 0, 0, 0, 0]]];

L_140 := LieAlgebra(Rationals, mat_140);

S_140 := SemiSimpleType(L_140);

PrintTo("*stdout*","140. ", S_140,"\n");

mat_141 :=[[[0, 0, 1, 0, 0, 0],[0, 0, 1, 1, 0, 1],[0, 0, 0, 0, 0, 0],[0, 0, 0, 0, 0, 0],[0, 0, 0, 0, 0, 0],[0, 0, 0, 0, 0, 0]],[[0, 0, 0, 0, 0, 0],[0, 0, 0, 0, 0, 0],[1, 1, 0, 0, 0, 0],[0, 1, 0, 0, 0, 0],[0, 0, 0, 0, 0, 0],[0, 1, 0, 0, 0, 0]]];

L_141 := LieAlgebra(Rationals, mat_141);

S_141 := SemiSimpleType(L_141);

PrintTo("*stdout*","141. ", S_141,"\n");

mat_142 :=[[[0, 0, 1, 0, 0, 0],[0, 0, 1, 1, 1, 0],[0, 0, 0, 0, 0, 0],[0, 0, 0, 0, 0, 0],[0, 0, 0, 0, 0, 0],[0, 0, 0, 0, 0, 0]],[[0, 0, 0, 0, 0, 0],[0, 0, 0, 0, 0, 0],[1, 1, 0, 0, 0, 0],[0, 1, 0, 0, 0, 0],[0, 1, 0, 0, 0, 0],[0, 0, 0, 0, 0, 0]]];

L_142 := LieAlgebra(Rationals, mat_142);

S_142 := SemiSimpleType(L_142);

PrintTo("*stdout*","142. ", S_142,"\n");

mat_143 :=[[[0, 0, 1, 0, 0, 0],[0, 0, 1, 1, 1, 1],[0, 0, 0, 0, 0, 0],[0, 0, 0, 0, 0, 0],[0, 0, 0, 0, 0, 0],[0, 0, 0, 0, 0, 0]],[[0, 0, 0, 0, 0, 0],[0, 0, 0, 0, 0, 0],[1, 1, 0, 0, 0, 0],[0, 1, 0, 0, 0, 0],[0, 1, 0, 0, 0, 0],[0, 1, 0, 0, 0, 0]]];

L_143 := LieAlgebra(Rationals, mat_143);

S_143 := SemiSimpleType(L_143);

PrintTo("*stdout*","143. ", S_143,"\n");

mat_144 :=[[[0, 0, 1, 0, 0, 1],[0, 0, 0, 0, 0, 0],[0, 0, 0, 0, 0, 0],[0, 0, 0, 0, 0, 0],[0, 0, 0, 0, 0, 0],[0, 0, 0, 0, 0, 0]],[[0, 0, 0, 0, 0, 0],[0, 0, 0, 0, 0, 0],[1, 0, 0, 0, 0, 0],[0, 0, 0, 0, 0, 0],[0, 0, 0, 0, 0, 0],[1, 0, 0, 0, 0, 0]]];

L_144 := LieAlgebra(Rationals, mat_144);

S_144 := SemiSimpleType(L_144);

PrintTo("*stdout*","144. ", S_144,"\n");

mat_145 :=[[[0, 0, 1, 0, 0, 1],[0, 0, 0, 0, 0, 1],[0, 0, 0, 0, 0, 0],[0, 0, 0, 0, 0, 0],[0, 0, 0, 0, 0, 0],[0, 0, 0, 0, 0, 0]],[[0, 0, 0, 0, 0, 0],[0, 0, 0, 0, 0, 0],[1, 0, 0, 0, 0, 0],[0, 0, 0, 0, 0, 0],[0, 0, 0, 0, 0, 0],[1, 1, 0, 0, 0, 0]]];

L_145 := LieAlgebra(Rationals, mat_145);

S_145 := SemiSimpleType(L_145);

PrintTo("*stdout*","145. ", S_145,"\n");

mat_146 :=[[[0, 0, 1, 0, 0, 1],[0, 0, 0, 0, 1, 0],[0, 0, 0, 0, 0, 0],[0, 0, 0, 0, 0, 0],[0, 0, 0, 0, 0, 0],[0, 0, 0, 0, 0, 0]],[[0, 0, 0, 0, 0, 0],[0, 0, 0, 0, 0, 0],[1, 0, 0, 0, 0, 0],[0, 0, 0, 0, 0, 0],[0, 1, 0, 0, 0, 0],[1, 0, 0, 0, 0, 0]]];

L_146 := LieAlgebra(Rationals, mat_146);

S_146 := SemiSimpleType(L_146);

PrintTo("*stdout*","146. ", S_146,"\n");

mat_147 :=[[[0, 0, 1, 0, 0, 1],[0, 0, 0, 0, 1, 1],[0, 0, 0, 0, 0, 0],[0, 0, 0, 0, 0, 0],[0, 0, 0, 0, 0, 0],[0, 0, 0, 0, 0, 0]],[[0, 0, 0, 0, 0, 0],[0, 0, 0, 0, 0, 0],[1, 0, 0, 0, 0, 0],[0, 0, 0, 0, 0, 0],[0, 1, 0, 0, 0, 0],[1, 1, 0, 0, 0, 0]]];

L_147 := LieAlgebra(Rationals, mat_147);

S_147 := SemiSimpleType(L_147);

PrintTo("*stdout*","147. ", S_147,"\n");

mat_148 :=[[[0, 0, 1, 0, 0, 1],[0, 0, 0, 1, 0, 0],[0, 0, 0, 0, 0, 0],[0, 0, 0, 0, 0, 0],[0, 0, 0, 0, 0, 0],[0, 0, 0, 0, 0, 0]],[[0, 0, 0, 0, 0, 0],[0, 0, 0, 0, 0, 0],[1, 0, 0, 0, 0, 0],[0, 1, 0, 0, 0, 0],[0, 0, 0, 0, 0, 0],[1, 0, 0, 0, 0, 0]]];

L_148 := LieAlgebra(Rationals, mat_148);

S_148 := SemiSimpleType(L_148);

PrintTo("*stdout*","148. ", S_148,"\n");

mat_149 :=[[[0, 0, 1, 0, 0, 1],[0, 0, 0, 1, 0, 1],[0, 0, 0, 0, 0, 0],[0, 0, 0, 0, 0, 0],[0, 0, 0, 0, 0, 0],[0, 0, 0, 0, 0, 0]],[[0, 0, 0, 0, 0, 0],[0, 0, 0, 0, 0, 0],[1, 0, 0, 0, 0, 0],[0, 1, 0, 0, 0, 0],[0, 0, 0, 0, 0, 0],[1, 1, 0, 0, 0, 0]]];

L_149 := LieAlgebra(Rationals, mat_149);

S_149 := SemiSimpleType(L_149);

PrintTo("*stdout*","149. ", S_149,"\n");

mat_150 :=[[[0, 0, 1, 0, 0, 1],[0, 0, 0, 1, 1, 0],[0, 0, 0, 0, 0, 0],[0, 0, 0, 0, 0, 0],[0, 0, 0, 0, 0, 0],[0, 0, 0, 0, 0, 0]],[[0, 0, 0, 0, 0, 0],[0, 0, 0, 0, 0, 0],[1, 0, 0, 0, 0, 0],[0, 1, 0, 0, 0, 0],[0, 1, 0, 0, 0, 0],[1, 0, 0, 0, 0, 0]]];

L_150 := LieAlgebra(Rationals, mat_150);

S_150 := SemiSimpleType(L_150);

PrintTo("*stdout*","150. ", S_150,"\n");

mat_151 :=[[[0, 0, 1, 0, 0, 1],[0, 0, 0, 1, 1, 1],[0, 0, 0, 0, 0, 0],[0, 0, 0, 0, 0, 0],[0, 0, 0, 0, 0, 0],[0, 0, 0, 0, 0, 0]],[[0, 0, 0, 0, 0, 0],[0, 0, 0, 0, 0, 0],[1, 0, 0, 0, 0, 0],[0, 1, 0, 0, 0, 0],[0, 1, 0, 0, 0, 0],[1, 1, 0, 0, 0, 0]]];

L_151 := LieAlgebra(Rationals, mat_151);

S_151 := SemiSimpleType(L_151);

PrintTo("*stdout*","151. ", S_151,"\n");

mat_152 :=[[[0, 0, 1, 0, 0, 1],[0, 0, 1, 0, 0, 0],[0, 0, 0, 0, 0, 0],[0, 0, 0, 0, 0, 0],[0, 0, 0, 0, 0, 0],[0, 0, 0, 0, 0, 0]],[[0, 0, 0, 0, 0, 0],[0, 0, 0, 0, 0, 0],[1, 1, 0, 0, 0, 0],[0, 0, 0, 0, 0, 0],[0, 0, 0, 0, 0, 0],[1, 0, 0, 0, 0, 0]]];

L_152 := LieAlgebra(Rationals, mat_152);

S_152 := SemiSimpleType(L_152);

PrintTo("*stdout*","152. ", S_152,"\n");

mat_153 :=[[[0, 0, 1, 0, 0, 1],[0, 0, 1, 0, 0, 1],[0, 0, 0, 0, 0, 0],[0, 0, 0, 0, 0, 0],[0, 0, 0, 0, 0, 0],[0, 0, 0, 0, 0, 0]],[[0, 0, 0, 0, 0, 0],[0, 0, 0, 0, 0, 0],[1, 1, 0, 0, 0, 0],[0, 0, 0, 0, 0, 0],[0, 0, 0, 0, 0, 0],[1, 1, 0, 0, 0, 0]]];

L_153 := LieAlgebra(Rationals, mat_153);

S_153 := SemiSimpleType(L_153);

PrintTo("*stdout*","153. ", S_153,"\n");

mat_154 :=[[[0, 0, 1, 0, 0, 1],[0, 0, 1, 0, 1, 0],[0, 0, 0, 0, 0, 0],[0, 0, 0, 0, 0, 0],[0, 0, 0, 0, 0, 0],[0, 0, 0, 0, 0, 0]],[[0, 0, 0, 0, 0, 0],[0, 0, 0, 0, 0, 0],[1, 1, 0, 0, 0, 0],[0, 0, 0, 0, 0, 0],[0, 1, 0, 0, 0, 0],[1, 0, 0, 0, 0, 0]]];

L_154 := LieAlgebra(Rationals, mat_154);

S_154 := SemiSimpleType(L_154);

PrintTo("*stdout*","154. ", S_154,"\n");

mat_155 :=[[[0, 0, 1, 0, 0, 1],[0, 0, 1, 0, 1, 1],[0, 0, 0, 0, 0, 0],[0, 0, 0, 0, 0, 0],[0, 0, 0, 0, 0, 0],[0, 0, 0, 0, 0, 0]],[[0, 0, 0, 0, 0, 0],[0, 0, 0, 0, 0, 0],[1, 1, 0, 0, 0, 0],[0, 0, 0, 0, 0, 0],[0, 1, 0, 0, 0, 0],[1, 1, 0, 0, 0, 0]]];

L_155 := LieAlgebra(Rationals, mat_155);

S_155 := SemiSimpleType(L_155);

PrintTo("*stdout*","155. ", S_155,"\n");

mat_156 :=[[[0, 0, 1, 0, 0, 1],[0, 0, 1, 1, 0, 0],[0, 0, 0, 0, 0, 0],[0, 0, 0, 0, 0, 0],[0, 0, 0, 0, 0, 0],[0, 0, 0, 0, 0, 0]],[[0, 0, 0, 0, 0, 0],[0, 0, 0, 0, 0, 0],[1, 1, 0, 0, 0, 0],[0, 1, 0, 0, 0, 0],[0, 0, 0, 0, 0, 0],[1, 0, 0, 0, 0, 0]]];

L_156 := LieAlgebra(Rationals, mat_156);

S_156 := SemiSimpleType(L_156);

PrintTo("*stdout*","156. ", S_156,"\n");

mat_157 :=[[[0, 0, 1, 0, 0, 1],[0, 0, 1, 1, 0, 1],[0, 0, 0, 0, 0, 0],[0, 0, 0, 0, 0, 0],[0, 0, 0, 0, 0, 0],[0, 0, 0, 0, 0, 0]],[[0, 0, 0, 0, 0, 0],[0, 0, 0, 0, 0, 0],[1, 1, 0, 0, 0, 0],[0, 1, 0, 0, 0, 0],[0, 0, 0, 0, 0, 0],[1, 1, 0, 0, 0, 0]]];

L_157 := LieAlgebra(Rationals, mat_157);

S_157 := SemiSimpleType(L_157);

PrintTo("*stdout*","157. ", S_157,"\n");

mat_158 :=[[[0, 0, 1, 0, 0, 1],[0, 0, 1, 1, 1, 0],[0, 0, 0, 0, 0, 0],[0, 0, 0, 0, 0, 0],[0, 0, 0, 0, 0, 0],[0, 0, 0, 0, 0, 0]],[[0, 0, 0, 0, 0, 0],[0, 0, 0, 0, 0, 0],[1, 1, 0, 0, 0, 0],[0, 1, 0, 0, 0, 0],[0, 1, 0, 0, 0, 0],[1, 0, 0, 0, 0, 0]]];

L_158 := LieAlgebra(Rationals, mat_158);

S_158 := SemiSimpleType(L_158);

PrintTo("*stdout*","158. ", S_158,"\n");

mat_159 :=[[[0, 0, 1, 0, 0, 1],[0, 0, 1, 1, 1, 1],[0, 0, 0, 0, 0, 0],[0, 0, 0, 0, 0, 0],[0, 0, 0, 0, 0, 0],[0, 0, 0, 0, 0, 0]],[[0, 0, 0, 0, 0, 0],[0, 0, 0, 0, 0, 0],[1, 1, 0, 0, 0, 0],[0, 1, 0, 0, 0, 0],[0, 1, 0, 0, 0, 0],[1, 1, 0, 0, 0, 0]]];

L_159 := LieAlgebra(Rationals, mat_159);

S_159 := SemiSimpleType(L_159);

PrintTo("*stdout*","159. ", S_159,"\n");

mat_160 :=[[[0, 0, 1, 0, 1, 0],[0, 0, 0, 0, 0, 0],[0, 0, 0, 0, 0, 0],[0, 0, 0, 0, 0, 0],[0, 0, 0, 0, 0, 0],[0, 0, 0, 0, 0, 0]],[[0, 0, 0, 0, 0, 0],[0, 0, 0, 0, 0, 0],[1, 0, 0, 0, 0, 0],[0, 0, 0, 0, 0, 0],[1, 0, 0, 0, 0, 0],[0, 0, 0, 0, 0, 0]]];

L_160 := LieAlgebra(Rationals, mat_160);

S_160 := SemiSimpleType(L_160);

PrintTo("*stdout*","160. ", S_160,"\n");

mat_161 :=[[[0, 0, 1, 0, 1, 0],[0, 0, 0, 0, 0, 1],[0, 0, 0, 0, 0, 0],[0, 0, 0, 0, 0, 0],[0, 0, 0, 0, 0, 0],[0, 0, 0, 0, 0, 0]],[[0, 0, 0, 0, 0, 0],[0, 0, 0, 0, 0, 0],[1, 0, 0, 0, 0, 0],[0, 0, 0, 0, 0, 0],[1, 0, 0, 0, 0, 0],[0, 1, 0, 0, 0, 0]]];

L_161 := LieAlgebra(Rationals, mat_161);

S_161 := SemiSimpleType(L_161);

PrintTo("*stdout*","161. ", S_161,"\n");

mat_162 :=[[[0, 0, 1, 0, 1, 0],[0, 0, 0, 0, 1, 0],[0, 0, 0, 0, 0, 0],[0, 0, 0, 0, 0, 0],[0, 0, 0, 0, 0, 0],[0, 0, 0, 0, 0, 0]],[[0, 0, 0, 0, 0, 0],[0, 0, 0, 0, 0, 0],[1, 0, 0, 0, 0, 0],[0, 0, 0, 0, 0, 0],[1, 1, 0, 0, 0, 0],[0, 0, 0, 0, 0, 0]]];

L_162 := LieAlgebra(Rationals, mat_162);

S_162 := SemiSimpleType(L_162);

PrintTo("*stdout*","162. ", S_162,"\n");

mat_163 :=[[[0, 0, 1, 0, 1, 0],[0, 0, 0, 0, 1, 1],[0, 0, 0, 0, 0, 0],[0, 0, 0, 0, 0, 0],[0, 0, 0, 0, 0, 0],[0, 0, 0, 0, 0, 0]],[[0, 0, 0, 0, 0, 0],[0, 0, 0, 0, 0, 0],[1, 0, 0, 0, 0, 0],[0, 0, 0, 0, 0, 0],[1, 1, 0, 0, 0, 0],[0, 1, 0, 0, 0, 0]]];

L_163 := LieAlgebra(Rationals, mat_163);

S_163 := SemiSimpleType(L_163);

PrintTo("*stdout*","163. ", S_163,"\n");

mat_164 :=[[[0, 0, 1, 0, 1, 0],[0, 0, 0, 1, 0, 0],[0, 0, 0, 0, 0, 0],[0, 0, 0, 0, 0, 0],[0, 0, 0, 0, 0, 0],[0, 0, 0, 0, 0, 0]],[[0, 0, 0, 0, 0, 0],[0, 0, 0, 0, 0, 0],[1, 0, 0, 0, 0, 0],[0, 1, 0, 0, 0, 0],[1, 0, 0, 0, 0, 0],[0, 0, 0, 0, 0, 0]]];

L_164 := LieAlgebra(Rationals, mat_164);

S_164 := SemiSimpleType(L_164);

PrintTo("*stdout*","164. ", S_164,"\n");

mat_165 :=[[[0, 0, 1, 0, 1, 0],[0, 0, 0, 1, 0, 1],[0, 0, 0, 0, 0, 0],[0, 0, 0, 0, 0, 0],[0, 0, 0, 0, 0, 0],[0, 0, 0, 0, 0, 0]],[[0, 0, 0, 0, 0, 0],[0, 0, 0, 0, 0, 0],[1, 0, 0, 0, 0, 0],[0, 1, 0, 0, 0, 0],[1, 0, 0, 0, 0, 0],[0, 1, 0, 0, 0, 0]]];

L_165 := LieAlgebra(Rationals, mat_165);

S_165 := SemiSimpleType(L_165);

PrintTo("*stdout*","165. ", S_165,"\n");

mat_166 :=[[[0, 0, 1, 0, 1, 0],[0, 0, 0, 1, 1, 0],[0, 0, 0, 0, 0, 0],[0, 0, 0, 0, 0, 0],[0, 0, 0, 0, 0, 0],[0, 0, 0, 0, 0, 0]],[[0, 0, 0, 0, 0, 0],[0, 0, 0, 0, 0, 0],[1, 0, 0, 0, 0, 0],[0, 1, 0, 0, 0, 0],[1, 1, 0, 0, 0, 0],[0, 0, 0, 0, 0, 0]]];

L_166 := LieAlgebra(Rationals, mat_166);

S_166 := SemiSimpleType(L_166);

PrintTo("*stdout*","166. ", S_166,"\n");

mat_167 :=[[[0, 0, 1, 0, 1, 0],[0, 0, 0, 1, 1, 1],[0, 0, 0, 0, 0, 0],[0, 0, 0, 0, 0, 0],[0, 0, 0, 0, 0, 0],[0, 0, 0, 0, 0, 0]],[[0, 0, 0, 0, 0, 0],[0, 0, 0, 0, 0, 0],[1, 0, 0, 0, 0, 0],[0, 1, 0, 0, 0, 0],[1, 1, 0, 0, 0, 0],[0, 1, 0, 0, 0, 0]]];

L_167 := LieAlgebra(Rationals, mat_167);

S_167 := SemiSimpleType(L_167);

PrintTo("*stdout*","167. ", S_167,"\n");

mat_168 :=[[[0, 0, 1, 0, 1, 0],[0, 0, 1, 0, 0, 0],[0, 0, 0, 0, 0, 0],[0, 0, 0, 0, 0, 0],[0, 0, 0, 0, 0, 0],[0, 0, 0, 0, 0, 0]],[[0, 0, 0, 0, 0, 0],[0, 0, 0, 0, 0, 0],[1, 1, 0, 0, 0, 0],[0, 0, 0, 0, 0, 0],[1, 0, 0, 0, 0, 0],[0, 0, 0, 0, 0, 0]]];

L_168 := LieAlgebra(Rationals, mat_168);

S_168 := SemiSimpleType(L_168);

PrintTo("*stdout*","168. ", S_168,"\n");

mat_169 :=[[[0, 0, 1, 0, 1, 0],[0, 0, 1, 0, 0, 1],[0, 0, 0, 0, 0, 0],[0, 0, 0, 0, 0, 0],[0, 0, 0, 0, 0, 0],[0, 0, 0, 0, 0, 0]],[[0, 0, 0, 0, 0, 0],[0, 0, 0, 0, 0, 0],[1, 1, 0, 0, 0, 0],[0, 0, 0, 0, 0, 0],[1, 0, 0, 0, 0, 0],[0, 1, 0, 0, 0, 0]]];

L_169 := LieAlgebra(Rationals, mat_169);

S_169 := SemiSimpleType(L_169);

PrintTo("*stdout*","169. ", S_169,"\n");

mat_170 :=[[[0, 0, 1, 0, 1, 0],[0, 0, 1, 0, 1, 0],[0, 0, 0, 0, 0, 0],[0, 0, 0, 0, 0, 0],[0, 0, 0, 0, 0, 0],[0, 0, 0, 0, 0, 0]],[[0, 0, 0, 0, 0, 0],[0, 0, 0, 0, 0, 0],[1, 1, 0, 0, 0, 0],[0, 0, 0, 0, 0, 0],[1, 1, 0, 0, 0, 0],[0, 0, 0, 0, 0, 0]]];

L_170 := LieAlgebra(Rationals, mat_170);

S_170 := SemiSimpleType(L_170);

PrintTo("*stdout*","170. ", S_170,"\n");

mat_171 :=[[[0, 0, 1, 0, 1, 0],[0, 0, 1, 0, 1, 1],[0, 0, 0, 0, 0, 0],[0, 0, 0, 0, 0, 0],[0, 0, 0, 0, 0, 0],[0, 0, 0, 0, 0, 0]],[[0, 0, 0, 0, 0, 0],[0, 0, 0, 0, 0, 0],[1, 1, 0, 0, 0, 0],[0, 0, 0, 0, 0, 0],[1, 1, 0, 0, 0, 0],[0, 1, 0, 0, 0, 0]]];

L_171 := LieAlgebra(Rationals, mat_171);

S_171 := SemiSimpleType(L_171);

PrintTo("*stdout*","171. ", S_171,"\n");

mat_172 :=[[[0, 0, 1, 0, 1, 0],[0, 0, 1, 1, 0, 0],[0, 0, 0, 0, 0, 0],[0, 0, 0, 0, 0, 0],[0, 0, 0, 0, 0, 0],[0, 0, 0, 0, 0, 0]],[[0, 0, 0, 0, 0, 0],[0, 0, 0, 0, 0, 0],[1, 1, 0, 0, 0, 0],[0, 1, 0, 0, 0, 0],[1, 0, 0, 0, 0, 0],[0, 0, 0, 0, 0, 0]]];

L_172 := LieAlgebra(Rationals, mat_172);

S_172 := SemiSimpleType(L_172);

PrintTo("*stdout*","172. ", S_172,"\n");

mat_173 :=[[[0, 0, 1, 0, 1, 0],[0, 0, 1, 1, 0, 1],[0, 0, 0, 0, 0, 0],[0, 0, 0, 0, 0, 0],[0, 0, 0, 0, 0, 0],[0, 0, 0, 0, 0, 0]],[[0, 0, 0, 0, 0, 0],[0, 0, 0, 0, 0, 0],[1, 1, 0, 0, 0, 0],[0, 1, 0, 0, 0, 0],[1, 0, 0, 0, 0, 0],[0, 1, 0, 0, 0, 0]]];

L_173 := LieAlgebra(Rationals, mat_173);

S_173 := SemiSimpleType(L_173);

PrintTo("*stdout*","173. ", S_173,"\n");

mat_174 :=[[[0, 0, 1, 0, 1, 0],[0, 0, 1, 1, 1, 0],[0, 0, 0, 0, 0, 0],[0, 0, 0, 0, 0, 0],[0, 0, 0, 0, 0, 0],[0, 0, 0, 0, 0, 0]],[[0, 0, 0, 0, 0, 0],[0, 0, 0, 0, 0, 0],[1, 1, 0, 0, 0, 0],[0, 1, 0, 0, 0, 0],[1, 1, 0, 0, 0, 0],[0, 0, 0, 0, 0, 0]]];

L_174 := LieAlgebra(Rationals, mat_174);

S_174 := SemiSimpleType(L_174);

PrintTo("*stdout*","174. ", S_174,"\n");

mat_175 :=[[[0, 0, 1, 0, 1, 0],[0, 0, 1, 1, 1, 1],[0, 0, 0, 0, 0, 0],[0, 0, 0, 0, 0, 0],[0, 0, 0, 0, 0, 0],[0, 0, 0, 0, 0, 0]],[[0, 0, 0, 0, 0, 0],[0, 0, 0, 0, 0, 0],[1, 1, 0, 0, 0, 0],[0, 1, 0, 0, 0, 0],[1, 1, 0, 0, 0, 0],[0, 1, 0, 0, 0, 0]]];

L_175 := LieAlgebra(Rationals, mat_175);

S_175 := SemiSimpleType(L_175);

PrintTo("*stdout*","175. ", S_175,"\n");

mat_176 :=[[[0, 0, 1, 0, 1, 1],[0, 0, 0, 0, 0, 0],[0, 0, 0, 0, 0, 0],[0, 0, 0, 0, 0, 0],[0, 0, 0, 0, 0, 0],[0, 0, 0, 0, 0, 0]],[[0, 0, 0, 0, 0, 0],[0, 0, 0, 0, 0, 0],[1, 0, 0, 0, 0, 0],[0, 0, 0, 0, 0, 0],[1, 0, 0, 0, 0, 0],[1, 0, 0, 0, 0, 0]]];

L_176 := LieAlgebra(Rationals, mat_176);

S_176 := SemiSimpleType(L_176);

PrintTo("*stdout*","176. ", S_176,"\n");

mat_177 :=[[[0, 0, 1, 0, 1, 1],[0, 0, 0, 0, 0, 1],[0, 0, 0, 0, 0, 0],[0, 0, 0, 0, 0, 0],[0, 0, 0, 0, 0, 0],[0, 0, 0, 0, 0, 0]],[[0, 0, 0, 0, 0, 0],[0, 0, 0, 0, 0, 0],[1, 0, 0, 0, 0, 0],[0, 0, 0, 0, 0, 0],[1, 0, 0, 0, 0, 0],[1, 1, 0, 0, 0, 0]]];

L_177 := LieAlgebra(Rationals, mat_177);

S_177 := SemiSimpleType(L_177);

PrintTo("*stdout*","177. ", S_177,"\n");

mat_178 :=[[[0, 0, 1, 0, 1, 1],[0, 0, 0, 0, 1, 0],[0, 0, 0, 0, 0, 0],[0, 0, 0, 0, 0, 0],[0, 0, 0, 0, 0, 0],[0, 0, 0, 0, 0, 0]],[[0, 0, 0, 0, 0, 0],[0, 0, 0, 0, 0, 0],[1, 0, 0, 0, 0, 0],[0, 0, 0, 0, 0, 0],[1, 1, 0, 0, 0, 0],[1, 0, 0, 0, 0, 0]]];

L_178 := LieAlgebra(Rationals, mat_178);

S_178 := SemiSimpleType(L_178);

PrintTo("*stdout*","178. ", S_178,"\n");

mat_179 :=[[[0, 0, 1, 0, 1, 1],[0, 0, 0, 0, 1, 1],[0, 0, 0, 0, 0, 0],[0, 0, 0, 0, 0, 0],[0, 0, 0, 0, 0, 0],[0, 0, 0, 0, 0, 0]],[[0, 0, 0, 0, 0, 0],[0, 0, 0, 0, 0, 0],[1, 0, 0, 0, 0, 0],[0, 0, 0, 0, 0, 0],[1, 1, 0, 0, 0, 0],[1, 1, 0, 0, 0, 0]]];

L_179 := LieAlgebra(Rationals, mat_179);

S_179 := SemiSimpleType(L_179);

PrintTo("*stdout*","179. ", S_179,"\n");

mat_180 :=[[[0, 0, 1, 0, 1, 1],[0, 0, 0, 1, 0, 0],[0, 0, 0, 0, 0, 0],[0, 0, 0, 0, 0, 0],[0, 0, 0, 0, 0, 0],[0, 0, 0, 0, 0, 0]],[[0, 0, 0, 0, 0, 0],[0, 0, 0, 0, 0, 0],[1, 0, 0, 0, 0, 0],[0, 1, 0, 0, 0, 0],[1, 0, 0, 0, 0, 0],[1, 0, 0, 0, 0, 0]]];

L_180 := LieAlgebra(Rationals, mat_180);

S_180 := SemiSimpleType(L_180);

PrintTo("*stdout*","180. ", S_180,"\n");

mat_181 :=[[[0, 0, 1, 0, 1, 1],[0, 0, 0, 1, 0, 1],[0, 0, 0, 0, 0, 0],[0, 0, 0, 0, 0, 0],[0, 0, 0, 0, 0, 0],[0, 0, 0, 0, 0, 0]],[[0, 0, 0, 0, 0, 0],[0, 0, 0, 0, 0, 0],[1, 0, 0, 0, 0, 0],[0, 1, 0, 0, 0, 0],[1, 0, 0, 0, 0, 0],[1, 1, 0, 0, 0, 0]]];

L_181 := LieAlgebra(Rationals, mat_181);

S_181 := SemiSimpleType(L_181);

PrintTo("*stdout*","181. ", S_181,"\n");

mat_182 :=[[[0, 0, 1, 0, 1, 1],[0, 0, 0, 1, 1, 0],[0, 0, 0, 0, 0, 0],[0, 0, 0, 0, 0, 0],[0, 0, 0, 0, 0, 0],[0, 0, 0, 0, 0, 0]],[[0, 0, 0, 0, 0, 0],[0, 0, 0, 0, 0, 0],[1, 0, 0, 0, 0, 0],[0, 1, 0, 0, 0, 0],[1, 1, 0, 0, 0, 0],[1, 0, 0, 0, 0, 0]]];

L_182 := LieAlgebra(Rationals, mat_182);

S_182 := SemiSimpleType(L_182);

PrintTo("*stdout*","182. ", S_182,"\n");

mat_183 :=[[[0, 0, 1, 0, 1, 1],[0, 0, 0, 1, 1, 1],[0, 0, 0, 0, 0, 0],[0, 0, 0, 0, 0, 0],[0, 0, 0, 0, 0, 0],[0, 0, 0, 0, 0, 0]],[[0, 0, 0, 0, 0, 0],[0, 0, 0, 0, 0, 0],[1, 0, 0, 0, 0, 0],[0, 1, 0, 0, 0, 0],[1, 1, 0, 0, 0, 0],[1, 1, 0, 0, 0, 0]]];

L_183 := LieAlgebra(Rationals, mat_183);

S_183 := SemiSimpleType(L_183);

PrintTo("*stdout*","183. ", S_183,"\n");

mat_184 :=[[[0, 0, 1, 0, 1, 1],[0, 0, 1, 0, 0, 0],[0, 0, 0, 0, 0, 0],[0, 0, 0, 0, 0, 0],[0, 0, 0, 0, 0, 0],[0, 0, 0, 0, 0, 0]],[[0, 0, 0, 0, 0, 0],[0, 0, 0, 0, 0, 0],[1, 1, 0, 0, 0, 0],[0, 0, 0, 0, 0, 0],[1, 0, 0, 0, 0, 0],[1, 0, 0, 0, 0, 0]]];

L_184 := LieAlgebra(Rationals, mat_184);

S_184 := SemiSimpleType(L_184);

PrintTo("*stdout*","184. ", S_184,"\n");

mat_185 :=[[[0, 0, 1, 0, 1, 1],[0, 0, 1, 0, 0, 1],[0, 0, 0, 0, 0, 0],[0, 0, 0, 0, 0, 0],[0, 0, 0, 0, 0, 0],[0, 0, 0, 0, 0, 0]],[[0, 0, 0, 0, 0, 0],[0, 0, 0, 0, 0, 0],[1, 1, 0, 0, 0, 0],[0, 0, 0, 0, 0, 0],[1, 0, 0, 0, 0, 0],[1, 1, 0, 0, 0, 0]]];

L_185 := LieAlgebra(Rationals, mat_185);

S_185 := SemiSimpleType(L_185);

PrintTo("*stdout*","185. ", S_185,"\n");

mat_186 :=[[[0, 0, 1, 0, 1, 1],[0, 0, 1, 0, 1, 0],[0, 0, 0, 0, 0, 0],[0, 0, 0, 0, 0, 0],[0, 0, 0, 0, 0, 0],[0, 0, 0, 0, 0, 0]],[[0, 0, 0, 0, 0, 0],[0, 0, 0, 0, 0, 0],[1, 1, 0, 0, 0, 0],[0, 0, 0, 0, 0, 0],[1, 1, 0, 0, 0, 0],[1, 0, 0, 0, 0, 0]]];

L_186 := LieAlgebra(Rationals, mat_186);

S_186 := SemiSimpleType(L_186);

PrintTo("*stdout*","186. ", S_186,"\n");

mat_187 :=[[[0, 0, 1, 0, 1, 1],[0, 0, 1, 0, 1, 1],[0, 0, 0, 0, 0, 0],[0, 0, 0, 0, 0, 0],[0, 0, 0, 0, 0, 0],[0, 0, 0, 0, 0, 0]],[[0, 0, 0, 0, 0, 0],[0, 0, 0, 0, 0, 0],[1, 1, 0, 0, 0, 0],[0, 0, 0, 0, 0, 0],[1, 1, 0, 0, 0, 0],[1, 1, 0, 0, 0, 0]]];

L_187 := LieAlgebra(Rationals, mat_187);

S_187 := SemiSimpleType(L_187);

PrintTo("*stdout*","187. ", S_187,"\n");

mat_188 :=[[[0, 0, 1, 0, 1, 1],[0, 0, 1, 1, 0, 0],[0, 0, 0, 0, 0, 0],[0, 0, 0, 0, 0, 0],[0, 0, 0, 0, 0, 0],[0, 0, 0, 0, 0, 0]],[[0, 0, 0, 0, 0, 0],[0, 0, 0, 0, 0, 0],[1, 1, 0, 0, 0, 0],[0, 1, 0, 0, 0, 0],[1, 0, 0, 0, 0, 0],[1, 0, 0, 0, 0, 0]]];

L_188 := LieAlgebra(Rationals, mat_188);

S_188 := SemiSimpleType(L_188);

PrintTo("*stdout*","188. ", S_188,"\n");

mat_189 :=[[[0, 0, 1, 0, 1, 1],[0, 0, 1, 1, 0, 1],[0, 0, 0, 0, 0, 0],[0, 0, 0, 0, 0, 0],[0, 0, 0, 0, 0, 0],[0, 0, 0, 0, 0, 0]],[[0, 0, 0, 0, 0, 0],[0, 0, 0, 0, 0, 0],[1, 1, 0, 0, 0, 0],[0, 1, 0, 0, 0, 0],[1, 0, 0, 0, 0, 0],[1, 1, 0, 0, 0, 0]]];

L_189 := LieAlgebra(Rationals, mat_189);

S_189 := SemiSimpleType(L_189);

PrintTo("*stdout*","189. ", S_189,"\n");

mat_190 :=[[[0, 0, 1, 0, 1, 1],[0, 0, 1, 1, 1, 0],[0, 0, 0, 0, 0, 0],[0, 0, 0, 0, 0, 0],[0, 0, 0, 0, 0, 0],[0, 0, 0, 0, 0, 0]],[[0, 0, 0, 0, 0, 0],[0, 0, 0, 0, 0, 0],[1, 1, 0, 0, 0, 0],[0, 1, 0, 0, 0, 0],[1, 1, 0, 0, 0, 0],[1, 0, 0, 0, 0, 0]]];

L_190 := LieAlgebra(Rationals, mat_190);

S_190 := SemiSimpleType(L_190);

PrintTo("*stdout*","190. ", S_190,"\n");

mat_191 :=[[[0, 0, 1, 0, 1, 1],[0, 0, 1, 1, 1, 1],[0, 0, 0, 0, 0, 0],[0, 0, 0, 0, 0, 0],[0, 0, 0, 0, 0, 0],[0, 0, 0, 0, 0, 0]],[[0, 0, 0, 0, 0, 0],[0, 0, 0, 0, 0, 0],[1, 1, 0, 0, 0, 0],[0, 1, 0, 0, 0, 0],[1, 1, 0, 0, 0, 0],[1, 1, 0, 0, 0, 0]]];

L_191 := LieAlgebra(Rationals, mat_191);

S_191 := SemiSimpleType(L_191);

PrintTo("*stdout*","191. ", S_191,"\n");

mat_192 :=[[[0, 0, 1, 1, 0, 0],[0, 0, 0, 0, 0, 0],[0, 0, 0, 0, 0, 0],[0, 0, 0, 0, 0, 0],[0, 0, 0, 0, 0, 0],[0, 0, 0, 0, 0, 0]],[[0, 0, 0, 0, 0, 0],[0, 0, 0, 0, 0, 0],[1, 0, 0, 0, 0, 0],[1, 0, 0, 0, 0, 0],[0, 0, 0, 0, 0, 0],[0, 0, 0, 0, 0, 0]]];

L_192 := LieAlgebra(Rationals, mat_192);

S_192 := SemiSimpleType(L_192);

PrintTo("*stdout*","192. ", S_192,"\n");

mat_193 :=[[[0, 0, 1, 1, 0, 0],[0, 0, 0, 0, 0, 1],[0, 0, 0, 0, 0, 0],[0, 0, 0, 0, 0, 0],[0, 0, 0, 0, 0, 0],[0, 0, 0, 0, 0, 0]],[[0, 0, 0, 0, 0, 0],[0, 0, 0, 0, 0, 0],[1, 0, 0, 0, 0, 0],[1, 0, 0, 0, 0, 0],[0, 0, 0, 0, 0, 0],[0, 1, 0, 0, 0, 0]]];

L_193 := LieAlgebra(Rationals, mat_193);

S_193 := SemiSimpleType(L_193);

PrintTo("*stdout*","193. ", S_193,"\n");

mat_194 :=[[[0, 0, 1, 1, 0, 0],[0, 0, 0, 0, 1, 0],[0, 0, 0, 0, 0, 0],[0, 0, 0, 0, 0, 0],[0, 0, 0, 0, 0, 0],[0, 0, 0, 0, 0, 0]],[[0, 0, 0, 0, 0, 0],[0, 0, 0, 0, 0, 0],[1, 0, 0, 0, 0, 0],[1, 0, 0, 0, 0, 0],[0, 1, 0, 0, 0, 0],[0, 0, 0, 0, 0, 0]]];

L_194 := LieAlgebra(Rationals, mat_194);

S_194 := SemiSimpleType(L_194);

PrintTo("*stdout*","194. ", S_194,"\n");

mat_195 :=[[[0, 0, 1, 1, 0, 0],[0, 0, 0, 0, 1, 1],[0, 0, 0, 0, 0, 0],[0, 0, 0, 0, 0, 0],[0, 0, 0, 0, 0, 0],[0, 0, 0, 0, 0, 0]],[[0, 0, 0, 0, 0, 0],[0, 0, 0, 0, 0, 0],[1, 0, 0, 0, 0, 0],[1, 0, 0, 0, 0, 0],[0, 1, 0, 0, 0, 0],[0, 1, 0, 0, 0, 0]]];

L_195 := LieAlgebra(Rationals, mat_195);

S_195 := SemiSimpleType(L_195);

PrintTo("*stdout*","195. ", S_195,"\n");

mat_196 :=[[[0, 0, 1, 1, 0, 0],[0, 0, 0, 1, 0, 0],[0, 0, 0, 0, 0, 0],[0, 0, 0, 0, 0, 0],[0, 0, 0, 0, 0, 0],[0, 0, 0, 0, 0, 0]],[[0, 0, 0, 0, 0, 0],[0, 0, 0, 0, 0, 0],[1, 0, 0, 0, 0, 0],[1, 1, 0, 0, 0, 0],[0, 0, 0, 0, 0, 0],[0, 0, 0, 0, 0, 0]]];

L_196 := LieAlgebra(Rationals, mat_196);

S_196 := SemiSimpleType(L_196);

PrintTo("*stdout*","196. ", S_196,"\n");

mat_197 :=[[[0, 0, 1, 1, 0, 0],[0, 0, 0, 1, 0, 1],[0, 0, 0, 0, 0, 0],[0, 0, 0, 0, 0, 0],[0, 0, 0, 0, 0, 0],[0, 0, 0, 0, 0, 0]],[[0, 0, 0, 0, 0, 0],[0, 0, 0, 0, 0, 0],[1, 0, 0, 0, 0, 0],[1, 1, 0, 0, 0, 0],[0, 0, 0, 0, 0, 0],[0, 1, 0, 0, 0, 0]]];

L_197 := LieAlgebra(Rationals, mat_197);

S_197 := SemiSimpleType(L_197);

PrintTo("*stdout*","197. ", S_197,"\n");

mat_198 :=[[[0, 0, 1, 1, 0, 0],[0, 0, 0, 1, 1, 0],[0, 0, 0, 0, 0, 0],[0, 0, 0, 0, 0, 0],[0, 0, 0, 0, 0, 0],[0, 0, 0, 0, 0, 0]],[[0, 0, 0, 0, 0, 0],[0, 0, 0, 0, 0, 0],[1, 0, 0, 0, 0, 0],[1, 1, 0, 0, 0, 0],[0, 1, 0, 0, 0, 0],[0, 0, 0, 0, 0, 0]]];

L_198 := LieAlgebra(Rationals, mat_198);

S_198 := SemiSimpleType(L_198);

PrintTo("*stdout*","198. ", S_198,"\n");

mat_199 :=[[[0, 0, 1, 1, 0, 0],[0, 0, 0, 1, 1, 1],[0, 0, 0, 0, 0, 0],[0, 0, 0, 0, 0, 0],[0, 0, 0, 0, 0, 0],[0, 0, 0, 0, 0, 0]],[[0, 0, 0, 0, 0, 0],[0, 0, 0, 0, 0, 0],[1, 0, 0, 0, 0, 0],[1, 1, 0, 0, 0, 0],[0, 1, 0, 0, 0, 0],[0, 1, 0, 0, 0, 0]]];

L_199 := LieAlgebra(Rationals, mat_199);

S_199 := SemiSimpleType(L_199);

PrintTo("*stdout*","199. ", S_199,"\n");

mat_200 :=[[[0, 0, 1, 1, 0, 0],[0, 0, 1, 0, 0, 0],[0, 0, 0, 0, 0, 0],[0, 0, 0, 0, 0, 0],[0, 0, 0, 0, 0, 0],[0, 0, 0, 0, 0, 0]],[[0, 0, 0, 0, 0, 0],[0, 0, 0, 0, 0, 0],[1, 1, 0, 0, 0, 0],[1, 0, 0, 0, 0, 0],[0, 0, 0, 0, 0, 0],[0, 0, 0, 0, 0, 0]]];

L_200 := LieAlgebra(Rationals, mat_200);

S_200 := SemiSimpleType(L_200);

PrintTo("*stdout*","200. ", S_200,"\n");

mat_201 :=[[[0, 0, 1, 1, 0, 0],[0, 0, 1, 0, 0, 1],[0, 0, 0, 0, 0, 0],[0, 0, 0, 0, 0, 0],[0, 0, 0, 0, 0, 0],[0, 0, 0, 0, 0, 0]],[[0, 0, 0, 0, 0, 0],[0, 0, 0, 0, 0, 0],[1, 1, 0, 0, 0, 0],[1, 0, 0, 0, 0, 0],[0, 0, 0, 0, 0, 0],[0, 1, 0, 0, 0, 0]]];

L_201 := LieAlgebra(Rationals, mat_201);

S_201 := SemiSimpleType(L_201);

PrintTo("*stdout*","201. ", S_201,"\n");

mat_202 :=[[[0, 0, 1, 1, 0, 0],[0, 0, 1, 0, 1, 0],[0, 0, 0, 0, 0, 0],[0, 0, 0, 0, 0, 0],[0, 0, 0, 0, 0, 0],[0, 0, 0, 0, 0, 0]],[[0, 0, 0, 0, 0, 0],[0, 0, 0, 0, 0, 0],[1, 1, 0, 0, 0, 0],[1, 0, 0, 0, 0, 0],[0, 1, 0, 0, 0, 0],[0, 0, 0, 0, 0, 0]]];

L_202 := LieAlgebra(Rationals, mat_202);

S_202 := SemiSimpleType(L_202);

PrintTo("*stdout*","202. ", S_202,"\n");

mat_203 :=[[[0, 0, 1, 1, 0, 0],[0, 0, 1, 0, 1, 1],[0, 0, 0, 0, 0, 0],[0, 0, 0, 0, 0, 0],[0, 0, 0, 0, 0, 0],[0, 0, 0, 0, 0, 0]],[[0, 0, 0, 0, 0, 0],[0, 0, 0, 0, 0, 0],[1, 1, 0, 0, 0, 0],[1, 0, 0, 0, 0, 0],[0, 1, 0, 0, 0, 0],[0, 1, 0, 0, 0, 0]]];

L_203 := LieAlgebra(Rationals, mat_203);

S_203 := SemiSimpleType(L_203);

PrintTo("*stdout*","203. ", S_203,"\n");

mat_204 :=[[[0, 0, 1, 1, 0, 0],[0, 0, 1, 1, 0, 0],[0, 0, 0, 0, 0, 0],[0, 0, 0, 0, 0, 0],[0, 0, 0, 0, 0, 0],[0, 0, 0, 0, 0, 0]],[[0, 0, 0, 0, 0, 0],[0, 0, 0, 0, 0, 0],[1, 1, 0, 0, 0, 0],[1, 1, 0, 0, 0, 0],[0, 0, 0, 0, 0, 0],[0, 0, 0, 0, 0, 0]]];

L_204 := LieAlgebra(Rationals, mat_204);

S_204 := SemiSimpleType(L_204);

PrintTo("*stdout*","204. ", S_204,"\n");

mat_205 :=[[[0, 0, 1, 1, 0, 0],[0, 0, 1, 1, 0, 1],[0, 0, 0, 0, 0, 0],[0, 0, 0, 0, 0, 0],[0, 0, 0, 0, 0, 0],[0, 0, 0, 0, 0, 0]],[[0, 0, 0, 0, 0, 0],[0, 0, 0, 0, 0, 0],[1, 1, 0, 0, 0, 0],[1, 1, 0, 0, 0, 0],[0, 0, 0, 0, 0, 0],[0, 1, 0, 0, 0, 0]]];

L_205 := LieAlgebra(Rationals, mat_205);

S_205 := SemiSimpleType(L_205);

PrintTo("*stdout*","205. ", S_205,"\n");

mat_206 :=[[[0, 0, 1, 1, 0, 0],[0, 0, 1, 1, 1, 0],[0, 0, 0, 0, 0, 0],[0, 0, 0, 0, 0, 0],[0, 0, 0, 0, 0, 0],[0, 0, 0, 0, 0, 0]],[[0, 0, 0, 0, 0, 0],[0, 0, 0, 0, 0, 0],[1, 1, 0, 0, 0, 0],[1, 1, 0, 0, 0, 0],[0, 1, 0, 0, 0, 0],[0, 0, 0, 0, 0, 0]]];

L_206 := LieAlgebra(Rationals, mat_206);

S_206 := SemiSimpleType(L_206);

PrintTo("*stdout*","206. ", S_206,"\n");

mat_207 :=[[[0, 0, 1, 1, 0, 0],[0, 0, 1, 1, 1, 1],[0, 0, 0, 0, 0, 0],[0, 0, 0, 0, 0, 0],[0, 0, 0, 0, 0, 0],[0, 0, 0, 0, 0, 0]],[[0, 0, 0, 0, 0, 0],[0, 0, 0, 0, 0, 0],[1, 1, 0, 0, 0, 0],[1, 1, 0, 0, 0, 0],[0, 1, 0, 0, 0, 0],[0, 1, 0, 0, 0, 0]]];

L_207 := LieAlgebra(Rationals, mat_207);

S_207 := SemiSimpleType(L_207);

PrintTo("*stdout*","207. ", S_207,"\n");

mat_208 :=[[[0, 0, 1, 1, 0, 1],[0, 0, 0, 0, 0, 0],[0, 0, 0, 0, 0, 0],[0, 0, 0, 0, 0, 0],[0, 0, 0, 0, 0, 0],[0, 0, 0, 0, 0, 0]],[[0, 0, 0, 0, 0, 0],[0, 0, 0, 0, 0, 0],[1, 0, 0, 0, 0, 0],[1, 0, 0, 0, 0, 0],[0, 0, 0, 0, 0, 0],[1, 0, 0, 0, 0, 0]]];

L_208 := LieAlgebra(Rationals, mat_208);

S_208 := SemiSimpleType(L_208);

PrintTo("*stdout*","208. ", S_208,"\n");

mat_209 :=[[[0, 0, 1, 1, 0, 1],[0, 0, 0, 0, 0, 1],[0, 0, 0, 0, 0, 0],[0, 0, 0, 0, 0, 0],[0, 0, 0, 0, 0, 0],[0, 0, 0, 0, 0, 0]],[[0, 0, 0, 0, 0, 0],[0, 0, 0, 0, 0, 0],[1, 0, 0, 0, 0, 0],[1, 0, 0, 0, 0, 0],[0, 0, 0, 0, 0, 0],[1, 1, 0, 0, 0, 0]]];

L_209 := LieAlgebra(Rationals, mat_209);

S_209 := SemiSimpleType(L_209);

PrintTo("*stdout*","209. ", S_209,"\n");

mat_210 :=[[[0, 0, 1, 1, 0, 1],[0, 0, 0, 0, 1, 0],[0, 0, 0, 0, 0, 0],[0, 0, 0, 0, 0, 0],[0, 0, 0, 0, 0, 0],[0, 0, 0, 0, 0, 0]],[[0, 0, 0, 0, 0, 0],[0, 0, 0, 0, 0, 0],[1, 0, 0, 0, 0, 0],[1, 0, 0, 0, 0, 0],[0, 1, 0, 0, 0, 0],[1, 0, 0, 0, 0, 0]]];

L_210 := LieAlgebra(Rationals, mat_210);

S_210 := SemiSimpleType(L_210);

PrintTo("*stdout*","210. ", S_210,"\n");

mat_211 :=[[[0, 0, 1, 1, 0, 1],[0, 0, 0, 0, 1, 1],[0, 0, 0, 0, 0, 0],[0, 0, 0, 0, 0, 0],[0, 0, 0, 0, 0, 0],[0, 0, 0, 0, 0, 0]],[[0, 0, 0, 0, 0, 0],[0, 0, 0, 0, 0, 0],[1, 0, 0, 0, 0, 0],[1, 0, 0, 0, 0, 0],[0, 1, 0, 0, 0, 0],[1, 1, 0, 0, 0, 0]]];

L_211 := LieAlgebra(Rationals, mat_211);

S_211 := SemiSimpleType(L_211);

PrintTo("*stdout*","211. ", S_211,"\n");

mat_212 :=[[[0, 0, 1, 1, 0, 1],[0, 0, 0, 1, 0, 0],[0, 0, 0, 0, 0, 0],[0, 0, 0, 0, 0, 0],[0, 0, 0, 0, 0, 0],[0, 0, 0, 0, 0, 0]],[[0, 0, 0, 0, 0, 0],[0, 0, 0, 0, 0, 0],[1, 0, 0, 0, 0, 0],[1, 1, 0, 0, 0, 0],[0, 0, 0, 0, 0, 0],[1, 0, 0, 0, 0, 0]]];

L_212 := LieAlgebra(Rationals, mat_212);

S_212 := SemiSimpleType(L_212);

PrintTo("*stdout*","212. ", S_212,"\n");

mat_213 :=[[[0, 0, 1, 1, 0, 1],[0, 0, 0, 1, 0, 1],[0, 0, 0, 0, 0, 0],[0, 0, 0, 0, 0, 0],[0, 0, 0, 0, 0, 0],[0, 0, 0, 0, 0, 0]],[[0, 0, 0, 0, 0, 0],[0, 0, 0, 0, 0, 0],[1, 0, 0, 0, 0, 0],[1, 1, 0, 0, 0, 0],[0, 0, 0, 0, 0, 0],[1, 1, 0, 0, 0, 0]]];

L_213 := LieAlgebra(Rationals, mat_213);

S_213 := SemiSimpleType(L_213);

PrintTo("*stdout*","213. ", S_213,"\n");

mat_214 :=[[[0, 0, 1, 1, 0, 1],[0, 0, 0, 1, 1, 0],[0, 0, 0, 0, 0, 0],[0, 0, 0, 0, 0, 0],[0, 0, 0, 0, 0, 0],[0, 0, 0, 0, 0, 0]],[[0, 0, 0, 0, 0, 0],[0, 0, 0, 0, 0, 0],[1, 0, 0, 0, 0, 0],[1, 1, 0, 0, 0, 0],[0, 1, 0, 0, 0, 0],[1, 0, 0, 0, 0, 0]]];

L_214 := LieAlgebra(Rationals, mat_214);

S_214 := SemiSimpleType(L_214);

PrintTo("*stdout*","214. ", S_214,"\n");

mat_215 :=[[[0, 0, 1, 1, 0, 1],[0, 0, 0, 1, 1, 1],[0, 0, 0, 0, 0, 0],[0, 0, 0, 0, 0, 0],[0, 0, 0, 0, 0, 0],[0, 0, 0, 0, 0, 0]],[[0, 0, 0, 0, 0, 0],[0, 0, 0, 0, 0, 0],[1, 0, 0, 0, 0, 0],[1, 1, 0, 0, 0, 0],[0, 1, 0, 0, 0, 0],[1, 1, 0, 0, 0, 0]]];

L_215 := LieAlgebra(Rationals, mat_215);

S_215 := SemiSimpleType(L_215);

PrintTo("*stdout*","215. ", S_215,"\n");

mat_216 :=[[[0, 0, 1, 1, 0, 1],[0, 0, 1, 0, 0, 0],[0, 0, 0, 0, 0, 0],[0, 0, 0, 0, 0, 0],[0, 0, 0, 0, 0, 0],[0, 0, 0, 0, 0, 0]],[[0, 0, 0, 0, 0, 0],[0, 0, 0, 0, 0, 0],[1, 1, 0, 0, 0, 0],[1, 0, 0, 0, 0, 0],[0, 0, 0, 0, 0, 0],[1, 0, 0, 0, 0, 0]]];

L_216 := LieAlgebra(Rationals, mat_216);

S_216 := SemiSimpleType(L_216);

PrintTo("*stdout*","216. ", S_216,"\n");

mat_217 :=[[[0, 0, 1, 1, 0, 1],[0, 0, 1, 0, 0, 1],[0, 0, 0, 0, 0, 0],[0, 0, 0, 0, 0, 0],[0, 0, 0, 0, 0, 0],[0, 0, 0, 0, 0, 0]],[[0, 0, 0, 0, 0, 0],[0, 0, 0, 0, 0, 0],[1, 1, 0, 0, 0, 0],[1, 0, 0, 0, 0, 0],[0, 0, 0, 0, 0, 0],[1, 1, 0, 0, 0, 0]]];

L_217 := LieAlgebra(Rationals, mat_217);

S_217 := SemiSimpleType(L_217);

PrintTo("*stdout*","217. ", S_217,"\n");

mat_218 :=[[[0, 0, 1, 1, 0, 1],[0, 0, 1, 0, 1, 0],[0, 0, 0, 0, 0, 0],[0, 0, 0, 0, 0, 0],[0, 0, 0, 0, 0, 0],[0, 0, 0, 0, 0, 0]],[[0, 0, 0, 0, 0, 0],[0, 0, 0, 0, 0, 0],[1, 1, 0, 0, 0, 0],[1, 0, 0, 0, 0, 0],[0, 1, 0, 0, 0, 0],[1, 0, 0, 0, 0, 0]]];

L_218 := LieAlgebra(Rationals, mat_218);

S_218 := SemiSimpleType(L_218);

PrintTo("*stdout*","218. ", S_218,"\n");

mat_219 :=[[[0, 0, 1, 1, 0, 1],[0, 0, 1, 0, 1, 1],[0, 0, 0, 0, 0, 0],[0, 0, 0, 0, 0, 0],[0, 0, 0, 0, 0, 0],[0, 0, 0, 0, 0, 0]],[[0, 0, 0, 0, 0, 0],[0, 0, 0, 0, 0, 0],[1, 1, 0, 0, 0, 0],[1, 0, 0, 0, 0, 0],[0, 1, 0, 0, 0, 0],[1, 1, 0, 0, 0, 0]]];

L_219 := LieAlgebra(Rationals, mat_219);

S_219 := SemiSimpleType(L_219);

PrintTo("*stdout*","219. ", S_219,"\n");

mat_220 :=[[[0, 0, 1, 1, 0, 1],[0, 0, 1, 1, 0, 0],[0, 0, 0, 0, 0, 0],[0, 0, 0, 0, 0, 0],[0, 0, 0, 0, 0, 0],[0, 0, 0, 0, 0, 0]],[[0, 0, 0, 0, 0, 0],[0, 0, 0, 0, 0, 0],[1, 1, 0, 0, 0, 0],[1, 1, 0, 0, 0, 0],[0, 0, 0, 0, 0, 0],[1, 0, 0, 0, 0, 0]]];

L_220 := LieAlgebra(Rationals, mat_220);

S_220 := SemiSimpleType(L_220);

PrintTo("*stdout*","220. ", S_220,"\n");

mat_221 :=[[[0, 0, 1, 1, 0, 1],[0, 0, 1, 1, 0, 1],[0, 0, 0, 0, 0, 0],[0, 0, 0, 0, 0, 0],[0, 0, 0, 0, 0, 0],[0, 0, 0, 0, 0, 0]],[[0, 0, 0, 0, 0, 0],[0, 0, 0, 0, 0, 0],[1, 1, 0, 0, 0, 0],[1, 1, 0, 0, 0, 0],[0, 0, 0, 0, 0, 0],[1, 1, 0, 0, 0, 0]]];

L_221 := LieAlgebra(Rationals, mat_221);

S_221 := SemiSimpleType(L_221);

PrintTo("*stdout*","221. ", S_221,"\n");

mat_222 :=[[[0, 0, 1, 1, 0, 1],[0, 0, 1, 1, 1, 0],[0, 0, 0, 0, 0, 0],[0, 0, 0, 0, 0, 0],[0, 0, 0, 0, 0, 0],[0, 0, 0, 0, 0, 0]],[[0, 0, 0, 0, 0, 0],[0, 0, 0, 0, 0, 0],[1, 1, 0, 0, 0, 0],[1, 1, 0, 0, 0, 0],[0, 1, 0, 0, 0, 0],[1, 0, 0, 0, 0, 0]]];

L_222 := LieAlgebra(Rationals, mat_222);

S_222 := SemiSimpleType(L_222);

PrintTo("*stdout*","222. ", S_222,"\n");

mat_223 :=[[[0, 0, 1, 1, 0, 1],[0, 0, 1, 1, 1, 1],[0, 0, 0, 0, 0, 0],[0, 0, 0, 0, 0, 0],[0, 0, 0, 0, 0, 0],[0, 0, 0, 0, 0, 0]],[[0, 0, 0, 0, 0, 0],[0, 0, 0, 0, 0, 0],[1, 1, 0, 0, 0, 0],[1, 1, 0, 0, 0, 0],[0, 1, 0, 0, 0, 0],[1, 1, 0, 0, 0, 0]]];

L_223 := LieAlgebra(Rationals, mat_223);

S_223 := SemiSimpleType(L_223);

PrintTo("*stdout*","223. ", S_223,"\n");

mat_224 :=[[[0, 0, 1, 1, 1, 0],[0, 0, 0, 0, 0, 0],[0, 0, 0, 0, 0, 0],[0, 0, 0, 0, 0, 0],[0, 0, 0, 0, 0, 0],[0, 0, 0, 0, 0, 0]],[[0, 0, 0, 0, 0, 0],[0, 0, 0, 0, 0, 0],[1, 0, 0, 0, 0, 0],[1, 0, 0, 0, 0, 0],[1, 0, 0, 0, 0, 0],[0, 0, 0, 0, 0, 0]]];

L_224 := LieAlgebra(Rationals, mat_224);

S_224 := SemiSimpleType(L_224);

PrintTo("*stdout*","224. ", S_224,"\n");

mat_225 :=[[[0, 0, 1, 1, 1, 0],[0, 0, 0, 0, 0, 1],[0, 0, 0, 0, 0, 0],[0, 0, 0, 0, 0, 0],[0, 0, 0, 0, 0, 0],[0, 0, 0, 0, 0, 0]],[[0, 0, 0, 0, 0, 0],[0, 0, 0, 0, 0, 0],[1, 0, 0, 0, 0, 0],[1, 0, 0, 0, 0, 0],[1, 0, 0, 0, 0, 0],[0, 1, 0, 0, 0, 0]]];

L_225 := LieAlgebra(Rationals, mat_225);

S_225 := SemiSimpleType(L_225);

PrintTo("*stdout*","225. ", S_225,"\n");

mat_226 :=[[[0, 0, 1, 1, 1, 0],[0, 0, 0, 0, 1, 0],[0, 0, 0, 0, 0, 0],[0, 0, 0, 0, 0, 0],[0, 0, 0, 0, 0, 0],[0, 0, 0, 0, 0, 0]],[[0, 0, 0, 0, 0, 0],[0, 0, 0, 0, 0, 0],[1, 0, 0, 0, 0, 0],[1, 0, 0, 0, 0, 0],[1, 1, 0, 0, 0, 0],[0, 0, 0, 0, 0, 0]]];

L_226 := LieAlgebra(Rationals, mat_226);

S_226 := SemiSimpleType(L_226);

PrintTo("*stdout*","226. ", S_226,"\n");

mat_227 :=[[[0, 0, 1, 1, 1, 0],[0, 0, 0, 0, 1, 1],[0, 0, 0, 0, 0, 0],[0, 0, 0, 0, 0, 0],[0, 0, 0, 0, 0, 0],[0, 0, 0, 0, 0, 0]],[[0, 0, 0, 0, 0, 0],[0, 0, 0, 0, 0, 0],[1, 0, 0, 0, 0, 0],[1, 0, 0, 0, 0, 0],[1, 1, 0, 0, 0, 0],[0, 1, 0, 0, 0, 0]]];

L_227 := LieAlgebra(Rationals, mat_227);

S_227 := SemiSimpleType(L_227);

PrintTo("*stdout*","227. ", S_227,"\n");

mat_228 :=[[[0, 0, 1, 1, 1, 0],[0, 0, 0, 1, 0, 0],[0, 0, 0, 0, 0, 0],[0, 0, 0, 0, 0, 0],[0, 0, 0, 0, 0, 0],[0, 0, 0, 0, 0, 0]],[[0, 0, 0, 0, 0, 0],[0, 0, 0, 0, 0, 0],[1, 0, 0, 0, 0, 0],[1, 1, 0, 0, 0, 0],[1, 0, 0, 0, 0, 0],[0, 0, 0, 0, 0, 0]]];

L_228 := LieAlgebra(Rationals, mat_228);

S_228 := SemiSimpleType(L_228);

PrintTo("*stdout*","228. ", S_228,"\n");

mat_229 :=[[[0, 0, 1, 1, 1, 0],[0, 0, 0, 1, 0, 1],[0, 0, 0, 0, 0, 0],[0, 0, 0, 0, 0, 0],[0, 0, 0, 0, 0, 0],[0, 0, 0, 0, 0, 0]],[[0, 0, 0, 0, 0, 0],[0, 0, 0, 0, 0, 0],[1, 0, 0, 0, 0, 0],[1, 1, 0, 0, 0, 0],[1, 0, 0, 0, 0, 0],[0, 1, 0, 0, 0, 0]]];

L_229 := LieAlgebra(Rationals, mat_229);

S_229 := SemiSimpleType(L_229);

PrintTo("*stdout*","229. ", S_229,"\n");

mat_230 :=[[[0, 0, 1, 1, 1, 0],[0, 0, 0, 1, 1, 0],[0, 0, 0, 0, 0, 0],[0, 0, 0, 0, 0, 0],[0, 0, 0, 0, 0, 0],[0, 0, 0, 0, 0, 0]],[[0, 0, 0, 0, 0, 0],[0, 0, 0, 0, 0, 0],[1, 0, 0, 0, 0, 0],[1, 1, 0, 0, 0, 0],[1, 1, 0, 0, 0, 0],[0, 0, 0, 0, 0, 0]]];

L_230 := LieAlgebra(Rationals, mat_230);

S_230 := SemiSimpleType(L_230);

PrintTo("*stdout*","230. ", S_230,"\n");

mat_231 :=[[[0, 0, 1, 1, 1, 0],[0, 0, 0, 1, 1, 1],[0, 0, 0, 0, 0, 0],[0, 0, 0, 0, 0, 0],[0, 0, 0, 0, 0, 0],[0, 0, 0, 0, 0, 0]],[[0, 0, 0, 0, 0, 0],[0, 0, 0, 0, 0, 0],[1, 0, 0, 0, 0, 0],[1, 1, 0, 0, 0, 0],[1, 1, 0, 0, 0, 0],[0, 1, 0, 0, 0, 0]]];

L_231 := LieAlgebra(Rationals, mat_231);

S_231 := SemiSimpleType(L_231);

PrintTo("*stdout*","231. ", S_231,"\n");

mat_232 :=[[[0, 0, 1, 1, 1, 0],[0, 0, 1, 0, 0, 0],[0, 0, 0, 0, 0, 0],[0, 0, 0, 0, 0, 0],[0, 0, 0, 0, 0, 0],[0, 0, 0, 0, 0, 0]],[[0, 0, 0, 0, 0, 0],[0, 0, 0, 0, 0, 0],[1, 1, 0, 0, 0, 0],[1, 0, 0, 0, 0, 0],[1, 0, 0, 0, 0, 0],[0, 0, 0, 0, 0, 0]]];

L_232 := LieAlgebra(Rationals, mat_232);

S_232 := SemiSimpleType(L_232);

PrintTo("*stdout*","232. ", S_232,"\n");

mat_233 :=[[[0, 0, 1, 1, 1, 0],[0, 0, 1, 0, 0, 1],[0, 0, 0, 0, 0, 0],[0, 0, 0, 0, 0, 0],[0, 0, 0, 0, 0, 0],[0, 0, 0, 0, 0, 0]],[[0, 0, 0, 0, 0, 0],[0, 0, 0, 0, 0, 0],[1, 1, 0, 0, 0, 0],[1, 0, 0, 0, 0, 0],[1, 0, 0, 0, 0, 0],[0, 1, 0, 0, 0, 0]]];

L_233 := LieAlgebra(Rationals, mat_233);

S_233 := SemiSimpleType(L_233);

PrintTo("*stdout*","233. ", S_233,"\n");

mat_234 :=[[[0, 0, 1, 1, 1, 0],[0, 0, 1, 0, 1, 0],[0, 0, 0, 0, 0, 0],[0, 0, 0, 0, 0, 0],[0, 0, 0, 0, 0, 0],[0, 0, 0, 0, 0, 0]],[[0, 0, 0, 0, 0, 0],[0, 0, 0, 0, 0, 0],[1, 1, 0, 0, 0, 0],[1, 0, 0, 0, 0, 0],[1, 1, 0, 0, 0, 0],[0, 0, 0, 0, 0, 0]]];

L_234 := LieAlgebra(Rationals, mat_234);

S_234 := SemiSimpleType(L_234);

PrintTo("*stdout*","234. ", S_234,"\n");

mat_235 :=[[[0, 0, 1, 1, 1, 0],[0, 0, 1, 0, 1, 1],[0, 0, 0, 0, 0, 0],[0, 0, 0, 0, 0, 0],[0, 0, 0, 0, 0, 0],[0, 0, 0, 0, 0, 0]],[[0, 0, 0, 0, 0, 0],[0, 0, 0, 0, 0, 0],[1, 1, 0, 0, 0, 0],[1, 0, 0, 0, 0, 0],[1, 1, 0, 0, 0, 0],[0, 1, 0, 0, 0, 0]]];

L_235 := LieAlgebra(Rationals, mat_235);

S_235 := SemiSimpleType(L_235);

PrintTo("*stdout*","235. ", S_235,"\n");

mat_236 :=[[[0, 0, 1, 1, 1, 0],[0, 0, 1, 1, 0, 0],[0, 0, 0, 0, 0, 0],[0, 0, 0, 0, 0, 0],[0, 0, 0, 0, 0, 0],[0, 0, 0, 0, 0, 0]],[[0, 0, 0, 0, 0, 0],[0, 0, 0, 0, 0, 0],[1, 1, 0, 0, 0, 0],[1, 1, 0, 0, 0, 0],[1, 0, 0, 0, 0, 0],[0, 0, 0, 0, 0, 0]]];

L_236 := LieAlgebra(Rationals, mat_236);

S_236 := SemiSimpleType(L_236);

PrintTo("*stdout*","236. ", S_236,"\n");

mat_237 :=[[[0, 0, 1, 1, 1, 0],[0, 0, 1, 1, 0, 1],[0, 0, 0, 0, 0, 0],[0, 0, 0, 0, 0, 0],[0, 0, 0, 0, 0, 0],[0, 0, 0, 0, 0, 0]],[[0, 0, 0, 0, 0, 0],[0, 0, 0, 0, 0, 0],[1, 1, 0, 0, 0, 0],[1, 1, 0, 0, 0, 0],[1, 0, 0, 0, 0, 0],[0, 1, 0, 0, 0, 0]]];

L_237 := LieAlgebra(Rationals, mat_237);

S_237 := SemiSimpleType(L_237);

PrintTo("*stdout*","237. ", S_237,"\n");

mat_238 :=[[[0, 0, 1, 1, 1, 0],[0, 0, 1, 1, 1, 0],[0, 0, 0, 0, 0, 0],[0, 0, 0, 0, 0, 0],[0, 0, 0, 0, 0, 0],[0, 0, 0, 0, 0, 0]],[[0, 0, 0, 0, 0, 0],[0, 0, 0, 0, 0, 0],[1, 1, 0, 0, 0, 0],[1, 1, 0, 0, 0, 0],[1, 1, 0, 0, 0, 0],[0, 0, 0, 0, 0, 0]]];

L_238 := LieAlgebra(Rationals, mat_238);

S_238 := SemiSimpleType(L_238);

PrintTo("*stdout*","238. ", S_238,"\n");

mat_239 :=[[[0, 0, 1, 1, 1, 0],[0, 0, 1, 1, 1, 1],[0, 0, 0, 0, 0, 0],[0, 0, 0, 0, 0, 0],[0, 0, 0, 0, 0, 0],[0, 0, 0, 0, 0, 0]],[[0, 0, 0, 0, 0, 0],[0, 0, 0, 0, 0, 0],[1, 1, 0, 0, 0, 0],[1, 1, 0, 0, 0, 0],[1, 1, 0, 0, 0, 0],[0, 1, 0, 0, 0, 0]]];

L_239 := LieAlgebra(Rationals, mat_239);

S_239 := SemiSimpleType(L_239);

PrintTo("*stdout*","239. ", S_239,"\n");

mat_240 :=[[[0, 0, 1, 1, 1, 1],[0, 0, 0, 0, 0, 0],[0, 0, 0, 0, 0, 0],[0, 0, 0, 0, 0, 0],[0, 0, 0, 0, 0, 0],[0, 0, 0, 0, 0, 0]],[[0, 0, 0, 0, 0, 0],[0, 0, 0, 0, 0, 0],[1, 0, 0, 0, 0, 0],[1, 0, 0, 0, 0, 0],[1, 0, 0, 0, 0, 0],[1, 0, 0, 0, 0, 0]]];

L_240 := LieAlgebra(Rationals, mat_240);

S_240 := SemiSimpleType(L_240);

PrintTo("*stdout*","240. ", S_240,"\n");

mat_241 :=[[[0, 0, 1, 1, 1, 1],[0, 0, 0, 0, 0, 1],[0, 0, 0, 0, 0, 0],[0, 0, 0, 0, 0, 0],[0, 0, 0, 0, 0, 0],[0, 0, 0, 0, 0, 0]],[[0, 0, 0, 0, 0, 0],[0, 0, 0, 0, 0, 0],[1, 0, 0, 0, 0, 0],[1, 0, 0, 0, 0, 0],[1, 0, 0, 0, 0, 0],[1, 1, 0, 0, 0, 0]]];

L_241 := LieAlgebra(Rationals, mat_241);

S_241 := SemiSimpleType(L_241);

PrintTo("*stdout*","241. ", S_241,"\n");

mat_242 :=[[[0, 0, 1, 1, 1, 1],[0, 0, 0, 0, 1, 0],[0, 0, 0, 0, 0, 0],[0, 0, 0, 0, 0, 0],[0, 0, 0, 0, 0, 0],[0, 0, 0, 0, 0, 0]],[[0, 0, 0, 0, 0, 0],[0, 0, 0, 0, 0, 0],[1, 0, 0, 0, 0, 0],[1, 0, 0, 0, 0, 0],[1, 1, 0, 0, 0, 0],[1, 0, 0, 0, 0, 0]]];

L_242 := LieAlgebra(Rationals, mat_242);

S_242 := SemiSimpleType(L_242);

PrintTo("*stdout*","242. ", S_242,"\n");

mat_243 :=[[[0, 0, 1, 1, 1, 1],[0, 0, 0, 0, 1, 1],[0, 0, 0, 0, 0, 0],[0, 0, 0, 0, 0, 0],[0, 0, 0, 0, 0, 0],[0, 0, 0, 0, 0, 0]],[[0, 0, 0, 0, 0, 0],[0, 0, 0, 0, 0, 0],[1, 0, 0, 0, 0, 0],[1, 0, 0, 0, 0, 0],[1, 1, 0, 0, 0, 0],[1, 1, 0, 0, 0, 0]]];

L_243 := LieAlgebra(Rationals, mat_243);

S_243 := SemiSimpleType(L_243);

PrintTo("*stdout*","243. ", S_243,"\n");

mat_244 :=[[[0, 0, 1, 1, 1, 1],[0, 0, 0, 1, 0, 0],[0, 0, 0, 0, 0, 0],[0, 0, 0, 0, 0, 0],[0, 0, 0, 0, 0, 0],[0, 0, 0, 0, 0, 0]],[[0, 0, 0, 0, 0, 0],[0, 0, 0, 0, 0, 0],[1, 0, 0, 0, 0, 0],[1, 1, 0, 0, 0, 0],[1, 0, 0, 0, 0, 0],[1, 0, 0, 0, 0, 0]]];

L_244 := LieAlgebra(Rationals, mat_244);

S_244 := SemiSimpleType(L_244);

PrintTo("*stdout*","244. ", S_244,"\n");

mat_245 :=[[[0, 0, 1, 1, 1, 1],[0, 0, 0, 1, 0, 1],[0, 0, 0, 0, 0, 0],[0, 0, 0, 0, 0, 0],[0, 0, 0, 0, 0, 0],[0, 0, 0, 0, 0, 0]],[[0, 0, 0, 0, 0, 0],[0, 0, 0, 0, 0, 0],[1, 0, 0, 0, 0, 0],[1, 1, 0, 0, 0, 0],[1, 0, 0, 0, 0, 0],[1, 1, 0, 0, 0, 0]]];

L_245 := LieAlgebra(Rationals, mat_245);

S_245 := SemiSimpleType(L_245);

PrintTo("*stdout*","245. ", S_245,"\n");

mat_246 :=[[[0, 0, 1, 1, 1, 1],[0, 0, 0, 1, 1, 0],[0, 0, 0, 0, 0, 0],[0, 0, 0, 0, 0, 0],[0, 0, 0, 0, 0, 0],[0, 0, 0, 0, 0, 0]],[[0, 0, 0, 0, 0, 0],[0, 0, 0, 0, 0, 0],[1, 0, 0, 0, 0, 0],[1, 1, 0, 0, 0, 0],[1, 1, 0, 0, 0, 0],[1, 0, 0, 0, 0, 0]]];

L_246 := LieAlgebra(Rationals, mat_246);

S_246 := SemiSimpleType(L_246);

PrintTo("*stdout*","246. ", S_246,"\n");

mat_247 :=[[[0, 0, 1, 1, 1, 1],[0, 0, 0, 1, 1, 1],[0, 0, 0, 0, 0, 0],[0, 0, 0, 0, 0, 0],[0, 0, 0, 0, 0, 0],[0, 0, 0, 0, 0, 0]],[[0, 0, 0, 0, 0, 0],[0, 0, 0, 0, 0, 0],[1, 0, 0, 0, 0, 0],[1, 1, 0, 0, 0, 0],[1, 1, 0, 0, 0, 0],[1, 1, 0, 0, 0, 0]]];

L_247 := LieAlgebra(Rationals, mat_247);

S_247 := SemiSimpleType(L_247);

PrintTo("*stdout*","247. ", S_247,"\n");

mat_248 :=[[[0, 0, 1, 1, 1, 1],[0, 0, 1, 0, 0, 0],[0, 0, 0, 0, 0, 0],[0, 0, 0, 0, 0, 0],[0, 0, 0, 0, 0, 0],[0, 0, 0, 0, 0, 0]],[[0, 0, 0, 0, 0, 0],[0, 0, 0, 0, 0, 0],[1, 1, 0, 0, 0, 0],[1, 0, 0, 0, 0, 0],[1, 0, 0, 0, 0, 0],[1, 0, 0, 0, 0, 0]]];

L_248 := LieAlgebra(Rationals, mat_248);

S_248 := SemiSimpleType(L_248);

PrintTo("*stdout*","248. ", S_248,"\n");

mat_249 :=[[[0, 0, 1, 1, 1, 1],[0, 0, 1, 0, 0, 1],[0, 0, 0, 0, 0, 0],[0, 0, 0, 0, 0, 0],[0, 0, 0, 0, 0, 0],[0, 0, 0, 0, 0, 0]],[[0, 0, 0, 0, 0, 0],[0, 0, 0, 0, 0, 0],[1, 1, 0, 0, 0, 0],[1, 0, 0, 0, 0, 0],[1, 0, 0, 0, 0, 0],[1, 1, 0, 0, 0, 0]]];

L_249 := LieAlgebra(Rationals, mat_249);

S_249 := SemiSimpleType(L_249);

PrintTo("*stdout*","249. ", S_249,"\n");

mat_250 :=[[[0, 0, 1, 1, 1, 1],[0, 0, 1, 0, 1, 0],[0, 0, 0, 0, 0, 0],[0, 0, 0, 0, 0, 0],[0, 0, 0, 0, 0, 0],[0, 0, 0, 0, 0, 0]],[[0, 0, 0, 0, 0, 0],[0, 0, 0, 0, 0, 0],[1, 1, 0, 0, 0, 0],[1, 0, 0, 0, 0, 0],[1, 1, 0, 0, 0, 0],[1, 0, 0, 0, 0, 0]]];

L_250 := LieAlgebra(Rationals, mat_250);

S_250 := SemiSimpleType(L_250);

PrintTo("*stdout*","250. ", S_250,"\n");

mat_251 :=[[[0, 0, 1, 1, 1, 1],[0, 0, 1, 0, 1, 1],[0, 0, 0, 0, 0, 0],[0, 0, 0, 0, 0, 0],[0, 0, 0, 0, 0, 0],[0, 0, 0, 0, 0, 0]],[[0, 0, 0, 0, 0, 0],[0, 0, 0, 0, 0, 0],[1, 1, 0, 0, 0, 0],[1, 0, 0, 0, 0, 0],[1, 1, 0, 0, 0, 0],[1, 1, 0, 0, 0, 0]]];

L_251 := LieAlgebra(Rationals, mat_251);

S_251 := SemiSimpleType(L_251);

PrintTo("*stdout*","251. ", S_251,"\n");

mat_252 :=[[[0, 0, 1, 1, 1, 1],[0, 0, 1, 1, 0, 0],[0, 0, 0, 0, 0, 0],[0, 0, 0, 0, 0, 0],[0, 0, 0, 0, 0, 0],[0, 0, 0, 0, 0, 0]],[[0, 0, 0, 0, 0, 0],[0, 0, 0, 0, 0, 0],[1, 1, 0, 0, 0, 0],[1, 1, 0, 0, 0, 0],[1, 0, 0, 0, 0, 0],[1, 0, 0, 0, 0, 0]]];

L_252 := LieAlgebra(Rationals, mat_252);

S_252 := SemiSimpleType(L_252);

PrintTo("*stdout*","252. ", S_252,"\n");

mat_253 :=[[[0, 0, 1, 1, 1, 1],[0, 0, 1, 1, 0, 1],[0, 0, 0, 0, 0, 0],[0, 0, 0, 0, 0, 0],[0, 0, 0, 0, 0, 0],[0, 0, 0, 0, 0, 0]],[[0, 0, 0, 0, 0, 0],[0, 0, 0, 0, 0, 0],[1, 1, 0, 0, 0, 0],[1, 1, 0, 0, 0, 0],[1, 0, 0, 0, 0, 0],[1, 1, 0, 0, 0, 0]]];

L_253 := LieAlgebra(Rationals, mat_253);

S_253 := SemiSimpleType(L_253);

PrintTo("*stdout*","253. ", S_253,"\n");

mat_254 :=[[[0, 0, 1, 1, 1, 1],[0, 0, 1, 1, 1, 0],[0, 0, 0, 0, 0, 0],[0, 0, 0, 0, 0, 0],[0, 0, 0, 0, 0, 0],[0, 0, 0, 0, 0, 0]],[[0, 0, 0, 0, 0, 0],[0, 0, 0, 0, 0, 0],[1, 1, 0, 0, 0, 0],[1, 1, 0, 0, 0, 0],[1, 1, 0, 0, 0, 0],[1, 0, 0, 0, 0, 0]]];

L_254 := LieAlgebra(Rationals, mat_254);

S_254 := SemiSimpleType(L_254);

PrintTo("*stdout*","254. ", S_254,"\n");

mat_255 :=[[[0, 0, 1, 1, 1, 1],[0, 0, 1, 1, 1, 1],[0, 0, 0, 0, 0, 0],[0, 0, 0, 0, 0, 0],[0, 0, 0, 0, 0, 0],[0, 0, 0, 0, 0, 0]],[[0, 0, 0, 0, 0, 0],[0, 0, 0, 0, 0, 0],[1, 1, 0, 0, 0, 0],[1, 1, 0, 0, 0, 0],[1, 1, 0, 0, 0, 0],[1, 1, 0, 0, 0, 0]]];

L_255 := LieAlgebra(Rationals, mat_255);

S_255 := SemiSimpleType(L_255);

PrintTo("*stdout*","255. ", S_255,"\n");

