mat_1 :=[[[0, 1, 0, 0, 0, 0, 0, 0, 0, 0, 0, 0, 0, 0, 0],[0, 0, 0, 0, 0, 0, 0, 0, 0, 0, 0, 0, 0, 0, 0],[0, 1, 0, 1, 4, 0, 0, 0, 0, 0, 0, 0, 0, 0, 0],[0, 0, 0, 0, 0, 0, 0, 0, 0, 0, 0, 0, 0, 0, 0],[0, 0, 0, 0, 0, 0, 0, 0, 0, 0, 0, 0, 0, 0, 0],[0, 0, 0, 1, 0, 0, 0, 0, 0, 2, 0, 0, 0, 0, 0],[0, 0, 0, 1, 0, 0, 0, 0, 0, 0, 0, 1, 0, 0, 0],[0, 0, 0, 0, 1, 0, 0, 0, 0, 0, 1, 0, 0, 0, 0],[0, 0, 0, 0, 2, 0, 0, 0, 0, 0, 0, 1, 2, 0, 0],[0, 0, 0, 0, 0, 0, 0, 0, 0, 0, 0, 0, 0, 0, 0],[0, 0, 0, 0, 0, 0, 0, 0, 0, 0, 0, 0, 0, 0, 0],[0, 0, 0, 0, 0, 0, 0, 0, 0, 0, 0, 0, 0, 0, 0],[0, 0, 0, 0, 0, 0, 0, 0, 0, 0, 0, 0, 0, 0, 0],[0, 0, 0, 0, 0, 0, 0, 0, 0, 0, 1, 0, 0, 0, 0],[0, 0, 0, 0, 0, 0, 0, 0, 0, 0, 0, 0, 1, 0, 0]],[[0, 0, 0, 0, 0, 0, 0, 0, 0, 0, 0, 0, 0, 0, 0],[2, 0, 3, 0, 0, 0, 0, 0, 0, 0, 0, 0, 0, 0, 0],[0, 0, 0, 0, 0, 0, 0, 0, 0, 0, 0, 0, 0, 0, 0],[0, 0, 2, 0, 0, 1, 1, 0, 0, 0, 0, 0, 0, 0, 0],[0, 0, 1, 0, 0, 0, 0, 2, 1, 0, 0, 0, 0, 0, 0],[0, 0, 0, 0, 0, 0, 0, 0, 0, 0, 0, 0, 0, 0, 0],[0, 0, 0, 0, 0, 0, 0, 0, 0, 0, 0, 0, 0, 0, 0],[0, 0, 0, 0, 0, 0, 0, 0, 0, 0, 0, 0, 0, 0, 0],[0, 0, 0, 0, 0, 0, 0, 0, 0, 0, 0, 0, 0, 0, 0],[0, 0, 0, 0, 0, 1, 0, 0, 0, 0, 0, 0, 0, 0, 0],[0, 0, 0, 0, 0, 0, 0, 4, 0, 0, 0, 0, 0, 1, 0],[0, 0, 0, 0, 0, 0, 1, 0, 4, 0, 0, 0, 0, 0, 0],[0, 0, 0, 0, 0, 0, 0, 0, 1, 0, 0, 0, 0, 0, 2],[0, 0, 0, 0, 0, 0, 0, 0, 0, 0, 0, 0, 0, 0, 0],[0, 0, 0, 0, 0, 0, 0, 0, 0, 0, 0, 0, 0, 0, 0]]];

L_1 := LieAlgebra(Rationals, mat_1);

S_1 := SemiSimpleType(L_1);

PrintTo("*stdout*",S_1);

mat_2 :=[[[0, 1, 0, 0, 0, 0, 0, 0, 0, 0, 0, 0, 0],[0, 0, 0, 0, 0, 0, 0, 0, 0, 0, 0, 0, 0],[0, 1, 0, 1, 0, 0, 0, 0, 0, 0, 0, 0, 0],[0, 0, 0, 0, 0, 0, 0, 0, 0, 0, 0, 0, 0],[0, 0, 0, 1, 0, 0, 0, 0, 0, 1, 0, 0, 0],[0, 0, 0, 3, 0, 0, 0, 1, 0, 0, 0, 0, 0],[0, 0, 0, 2, 0, 0, 0, 0, 2, 0, 0, 0, 0],[0, 0, 0, 0, 0, 0, 0, 0, 0, 0, 0, 0, 0],[0, 0, 0, 0, 0, 0, 0, 0, 0, 0, 0, 0, 0],[0, 0, 0, 0, 0, 0, 0, 0, 0, 0, 0, 0, 0],[0, 0, 0, 0, 0, 0, 0, 0, 0, 2, 0, 0, 2],[0, 0, 0, 0, 0, 0, 0, 1, 0, 3, 0, 0, 0],[0, 0, 0, 0, 0, 0, 0, 0, 0, 0, 0, 0, 0]],[[0, 0, 0, 0, 0, 0, 0, 0, 0, 0, 0, 0, 0],[1, 0, 1, 0, 0, 0, 0, 0, 0, 0, 0, 0, 0],[0, 0, 0, 0, 0, 0, 0, 0, 0, 0, 0, 0, 0],[0, 0, 1, 0, 3, 1, 1, 0, 0, 0, 0, 0, 0],[0, 0, 0, 0, 0, 0, 0, 0, 0, 0, 0, 0, 0],[0, 0, 0, 0, 0, 0, 0, 0, 0, 0, 0, 0, 0],[0, 0, 0, 0, 0, 0, 0, 0, 0, 0, 0, 0, 0],[0, 0, 0, 0, 0, 1, 0, 0, 0, 0, 0, 1, 0],[0, 0, 0, 0, 0, 0, 1, 0, 0, 0, 0, 0, 0],[0, 0, 0, 0, 3, 0, 0, 0, 0, 0, 1, 1, 0],[0, 0, 0, 0, 0, 0, 0, 0, 0, 0, 0, 0, 0],[0, 0, 0, 0, 0, 0, 0, 0, 0, 0, 0, 0, 0],[0, 0, 0, 0, 0, 0, 0, 0, 0, 0, 1, 0, 0]]];

L_2 := LieAlgebra(Rationals, mat_2);

S_2 := SemiSimpleType(L_2);

PrintTo("*stdout*",S_2);

mat_3 :=[[[0, 1, 0, 0, 0, 0, 0, 0, 0, 0, 0, 0, 0],[0, 0, 0, 0, 0, 0, 0, 0, 0, 0, 0, 0, 0],[0, 1, 0, 1, 3, 0, 0, 0, 0, 0, 0, 0, 0],[0, 0, 0, 0, 0, 0, 0, 0, 0, 0, 0, 0, 0],[0, 0, 0, 0, 0, 0, 0, 0, 0, 0, 0, 0, 0],[0, 0, 0, 1, 0, 0, 0, 1, 0, 0, 0, 0, 0],[0, 0, 0, 0, 3, 0, 0, 1, 1, 0, 0, 0, 0],[0, 0, 0, 0, 0, 0, 0, 0, 0, 0, 0, 0, 0],[0, 0, 0, 0, 0, 0, 0, 0, 0, 0, 0, 0, 0],[0, 0, 0, 0, 0, 0, 0, 0, 1, 0, 0, 0, 0],[0, 0, 0, 0, 0, 0, 0, 0, 1, 0, 0, 1, 4],[0, 0, 0, 0, 0, 0, 0, 0, 0, 0, 0, 0, 0],[0, 0, 0, 0, 0, 0, 0, 0, 0, 0, 0, 0, 0]],[[0, 0, 0, 0, 0, 0, 0, 0, 0, 0, 0, 0, 0],[2, 0, 2, 0, 0, 0, 0, 0, 0, 0, 0, 0, 0],[0, 0, 0, 0, 0, 0, 0, 0, 0, 0, 0, 0, 0],[0, 0, 3, 0, 0, 1, 0, 0, 0, 0, 0, 0, 0],[0, 0, 1, 0, 0, 0, 1, 0, 0, 0, 0, 0, 0],[0, 0, 0, 0, 0, 0, 0, 0, 0, 0, 0, 0, 0],[0, 0, 0, 0, 0, 0, 0, 0, 0, 0, 0, 0, 0],[0, 0, 0, 0, 0, 1, 3, 0, 0, 0, 0, 0, 0],[0, 0, 0, 0, 0, 0, 2, 0, 0, 2, 2, 0, 0],[0, 0, 0, 0, 0, 0, 0, 0, 0, 0, 0, 0, 0],[0, 0, 0, 0, 0, 0, 0, 0, 0, 0, 0, 0, 0],[0, 0, 0, 0, 0, 0, 0, 0, 0, 0, 3, 0, 0],[0, 0, 0, 0, 0, 0, 0, 0, 0, 0, 1, 0, 0]]];

L_3 := LieAlgebra(Rationals, mat_3);

S_3 := SemiSimpleType(L_3);

PrintTo("*stdout*",S_3);

mat_4 :=[[[0, 1, 0, 0, 0, 0, 0, 0, 0, 0, 0, 0, 0],[0, 0, 0, 0, 0, 0, 0, 0, 0, 0, 0, 0, 0],[0, 1, 0, 1, 3, 1, 0, 0, 0, 0, 0, 0, 0],[0, 0, 0, 0, 0, 0, 0, 0, 0, 0, 0, 0, 0],[0, 0, 0, 0, 0, 0, 0, 0, 0, 0, 0, 0, 0],[0, 0, 0, 0, 0, 0, 0, 0, 0, 0, 0, 0, 0],[0, 0, 0, 1, 0, 0, 0, 0, 0, 0, 1, 0, 0],[0, 0, 0, 0, 3, 0, 0, 0, 0, 0, 1, 1, 0],[0, 0, 0, 0, 0, 1, 0, 0, 0, 1, 0, 0, 0],[0, 0, 0, 0, 0, 0, 0, 0, 0, 0, 0, 0, 0],[0, 0, 0, 0, 0, 0, 0, 0, 0, 0, 0, 0, 0],[0, 0, 0, 0, 0, 0, 0, 0, 0, 0, 0, 0, 0],[0, 0, 0, 0, 0, 0, 0, 0, 0, 0, 0, 1, 0]],[[0, 0, 0, 0, 0, 0, 0, 0, 0, 0, 0, 0, 0],[2, 0, 2, 0, 0, 0, 0, 0, 0, 0, 0, 0, 0],[0, 0, 0, 0, 0, 0, 0, 0, 0, 0, 0, 0, 0],[0, 0, 3, 0, 0, 0, 1, 0, 0, 0, 0, 0, 0],[0, 0, 1, 0, 0, 0, 0, 1, 0, 0, 0, 0, 0],[0, 0, 1, 0, 0, 0, 0, 0, 1, 0, 0, 0, 0],[0, 0, 0, 0, 0, 0, 0, 0, 0, 0, 0, 0, 0],[0, 0, 0, 0, 0, 0, 0, 0, 0, 0, 0, 0, 0],[0, 0, 0, 0, 0, 0, 0, 0, 0, 0, 0, 0, 0],[0, 0, 0, 0, 0, 0, 0, 0, 1, 0, 0, 0, 0],[0, 0, 0, 0, 0, 0, 1, 3, 0, 0, 0, 0, 0],[0, 0, 0, 0, 0, 0, 0, 2, 0, 0, 0, 0, 2],[0, 0, 0, 0, 0, 0, 0, 0, 0, 0, 0, 0, 0]]];

L_4 := LieAlgebra(Rationals, mat_4);

S_4 := SemiSimpleType(L_4);

PrintTo("*stdout*",S_4);

mat_5 :=[[[0, 1, 0, 0, 0, 0, 0, 0, 0, 0, 0, 0, 0],[0, 0, 0, 0, 0, 0, 0, 0, 0, 0, 0, 0, 0],[0, 2, 0, 0, 2, 2, 0, 0, 0, 0, 0, 0, 0],[0, 3, 0, 0, 0, 0, 0, 0, 0, 0, 0, 0, 0],[0, 0, 0, 0, 0, 0, 0, 0, 0, 0, 0, 0, 0],[0, 0, 0, 0, 0, 0, 0, 0, 0, 0, 0, 0, 0],[0, 0, 0, 0, 0, 3, 0, 0, 1, 0, 0, 0, 0],[0, 0, 0, 0, 0, 1, 0, 0, 0, 1, 0, 0, 0],[0, 0, 0, 0, 0, 0, 0, 0, 0, 0, 0, 0, 0],[0, 0, 0, 0, 0, 0, 0, 0, 0, 0, 0, 0, 0],[0, 0, 0, 0, 0, 0, 0, 0, 1, 3, 0, 0, 0],[0, 0, 0, 0, 0, 0, 0, 0, 0, 2, 0, 0, 2],[0, 0, 0, 0, 0, 0, 0, 0, 0, 0, 0, 0, 0]],[[0, 0, 0, 0, 0, 0, 0, 0, 0, 0, 0, 0, 0],[4, 0, 1, 1, 0, 0, 0, 0, 0, 0, 0, 0, 0],[0, 0, 0, 0, 0, 0, 0, 0, 0, 0, 0, 0, 0],[0, 0, 0, 0, 0, 0, 0, 0, 0, 0, 0, 0, 0],[0, 0, 1, 0, 0, 0, 0, 0, 0, 0, 0, 0, 0],[0, 0, 1, 0, 0, 0, 1, 3, 0, 0, 0, 0, 0],[0, 0, 0, 0, 0, 0, 0, 0, 0, 0, 0, 0, 0],[0, 0, 0, 0, 0, 0, 0, 0, 0, 0, 0, 0, 0],[0, 0, 0, 0, 0, 0, 1, 0, 0, 0, 1, 0, 0],[0, 0, 0, 0, 0, 0, 0, 3, 0, 0, 1, 1, 0],[0, 0, 0, 0, 0, 0, 0, 0, 0, 0, 0, 0, 0],[0, 0, 0, 0, 0, 0, 0, 0, 0, 0, 0, 0, 0],[0, 0, 0, 0, 0, 0, 0, 0, 0, 0, 0, 1, 0]]];

L_5 := LieAlgebra(Rationals, mat_5);

S_5 := SemiSimpleType(L_5);

PrintTo("*stdout*",S_5);

mat_6 :=[[[0, 1, 0, 0, 0, 0, 0, 0, 0, 0, 0, 0],[0, 0, 0, 0, 0, 0, 0, 0, 0, 0, 0, 0],[0, 1, 0, 0, 2, 0, 0, 0, 0, 0, 0, 0],[0, 1, 0, 0, 0, 8, 0, 0, 0, 0, 0, 0],[0, 0, 0, 0, 0, 0, 0, 0, 0, 0, 0, 0],[0, 0, 0, 0, 0, 0, 0, 0, 0, 0, 0, 0],[0, 0, 0, 0, 1, 2, 0, 0, 0, 0, 0, 0],[0, 0, 0, 0, 3, 0, 0, 0, 0, 0, 2, 0],[0, 0, 0, 0, 1, 0, 0, 0, 0, 0, 0, 0],[0, 0, 0, 0, 0, 1, 0, 0, 0, 0, 0, 3],[0, 0, 0, 0, 0, 0, 0, 0, 0, 0, 0, 0],[0, 0, 0, 0, 0, 0, 0, 0, 0, 0, 0, 0]],[[0, 0, 0, 0, 0, 0, 0, 0, 0, 0, 0, 0],[1, 0, 1, 1, 0, 0, 0, 0, 0, 0, 0, 0],[0, 0, 0, 0, 0, 0, 0, 0, 0, 0, 0, 0],[0, 0, 0, 0, 0, 0, 0, 0, 0, 0, 0, 0],[0, 0, 1, 0, 0, 0, 4, 1, 1, 0, 0, 0],[0, 0, 0, 1, 0, 0, 2, 0, 0, 1, 0, 0],[0, 0, 0, 0, 0, 0, 0, 0, 0, 0, 0, 0],[0, 0, 0, 0, 0, 0, 0, 0, 0, 0, 0, 0],[0, 0, 0, 0, 0, 0, 0, 0, 0, 0, 0, 0],[0, 0, 0, 0, 0, 0, 0, 0, 0, 0, 0, 0],[0, 0, 0, 0, 0, 0, 0, 1, 0, 0, 0, 0],[0, 0, 0, 0, 0, 0, 0, 0, 0, 1, 0, 0]]];

L_6 := LieAlgebra(Rationals, mat_6);

S_6 := SemiSimpleType(L_6);

PrintTo("*stdout*",S_6);

mat_7 :=[[[0, 1, 0, 0, 0, 0, 0, 0, 0, 0, 0, 0],[0, 0, 0, 0, 0, 0, 0, 0, 0, 0, 0, 0],[0, 1, 0, 1, 2, 0, 0, 0, 0, 0, 0, 0],[0, 0, 0, 0, 0, 0, 0, 0, 0, 0, 0, 0],[0, 0, 0, 0, 0, 0, 0, 0, 0, 0, 0, 0],[0, 0, 0, 1, 0, 0, 0, 0, 1, 1, 0, 0],[0, 0, 0, 0, 4, 0, 0, 1, 0, 1, 1, 0],[0, 0, 0, 0, 0, 0, 0, 0, 0, 0, 0, 0],[0, 0, 0, 0, 0, 0, 0, 0, 0, 0, 0, 0],[0, 0, 0, 0, 0, 0, 0, 0, 0, 0, 0, 0],[0, 0, 0, 0, 0, 0, 0, 0, 0, 0, 0, 0],[0, 0, 0, 0, 0, 0, 0, 0, 0, 0, 1, 0]],[[0, 0, 0, 0, 0, 0, 0, 0, 0, 0, 0, 0],[3, 0, 1, 0, 0, 0, 0, 0, 0, 0, 0, 0],[0, 0, 0, 0, 0, 0, 0, 0, 0, 0, 0, 0],[0, 0, 8, 0, 0, 1, 0, 0, 0, 0, 0, 0],[0, 0, 2, 0, 0, 0, 1, 0, 0, 0, 0, 0],[0, 0, 0, 0, 0, 0, 0, 0, 0, 0, 0, 0],[0, 0, 0, 0, 0, 0, 0, 0, 0, 0, 0, 0],[0, 0, 0, 0, 0, 0, 1, 0, 0, 0, 0, 0],[0, 0, 0, 0, 0, 1, 0, 0, 0, 0, 0, 0],[0, 0, 0, 0, 0, 1, 2, 0, 0, 0, 0, 0],[0, 0, 0, 0, 0, 0, 3, 0, 0, 0, 0, 2],[0, 0, 0, 0, 0, 0, 0, 0, 0, 0, 0, 0]]];

L_7 := LieAlgebra(Rationals, mat_7);

S_7 := SemiSimpleType(L_7);

PrintTo("*stdout*",S_7);

mat_8 :=[[[0, 1, 0, 0, 0, 0, 0, 0, 0, 0, 0],[0, 0, 0, 0, 0, 0, 0, 0, 0, 0, 0],[0, 1, 0, 2, 1, 5, 0, 0, 0, 0, 0],[0, 0, 0, 0, 0, 0, 0, 0, 0, 0, 0],[0, 0, 0, 0, 0, 0, 0, 0, 0, 0, 0],[0, 0, 0, 0, 0, 0, 0, 0, 0, 0, 0],[0, 0, 0, 0, 1, 1, 0, 2, 0, 0, 0],[0, 0, 0, 0, 0, 0, 0, 0, 0, 0, 0],[0, 0, 0, 0, 0, 0, 0, 4, 0, 1, 2],[0, 0, 0, 0, 0, 0, 0, 0, 0, 0, 0],[0, 0, 0, 0, 0, 0, 0, 0, 0, 0, 0]],[[0, 0, 0, 0, 0, 0, 0, 0, 0, 0, 0],[4, 0, 4, 0, 0, 0, 0, 0, 0, 0, 0],[0, 0, 0, 0, 0, 0, 0, 0, 0, 0, 0],[0, 0, 1, 0, 0, 0, 0, 0, 0, 0, 0],[0, 0, 1, 0, 0, 0, 5, 0, 0, 0, 0],[0, 0, 1, 0, 0, 0, 1, 0, 0, 0, 0],[0, 0, 0, 0, 0, 0, 0, 0, 0, 0, 0],[0, 0, 0, 0, 0, 0, 5, 0, 1, 0, 0],[0, 0, 0, 0, 0, 0, 0, 0, 0, 0, 0],[0, 0, 0, 0, 0, 0, 0, 0, 1, 0, 0],[0, 0, 0, 0, 0, 0, 0, 0, 2, 0, 0]]];

L_8 := LieAlgebra(Rationals, mat_8);

S_8 := SemiSimpleType(L_8);

PrintTo("*stdout*",S_8);

mat_9 :=[[[0, 1, 0, 0, 0, 0, 0, 0, 0],[0, 0, 0, 0, 0, 0, 0, 0, 0],[0, 1, 0, 2, 4, 0, 0, 0, 0],[0, 0, 0, 0, 0, 0, 0, 0, 0],[0, 0, 0, 0, 0, 0, 0, 0, 0],[0, 0, 0, 2, 0, 0, 0, 0, 2],[0, 0, 0, 0, 1, 0, 0, 0, 0],[0, 0, 0, 0, 2, 0, 0, 0, 1],[0, 0, 0, 0, 0, 0, 0, 0, 0]],[[0, 0, 0, 0, 0, 0, 0, 0, 0],[2, 0, 3, 0, 0, 0, 0, 0, 0],[0, 0, 0, 0, 0, 0, 0, 0, 0],[0, 0, 2, 0, 0, 1, 0, 0, 0],[0, 0, 1, 0, 0, 0, 2, 2, 0],[0, 0, 0, 0, 0, 0, 0, 0, 0],[0, 0, 0, 0, 0, 0, 0, 0, 0],[0, 0, 0, 0, 0, 0, 0, 0, 0],[0, 0, 0, 0, 0, 1, 0, 4, 0]]];

L_9 := LieAlgebra(Rationals, mat_9);

S_9 := SemiSimpleType(L_9);

PrintTo("*stdout*",S_9);

mat_10 :=[[[0, 1, 0, 0, 0, 0, 0, 0],[0, 0, 0, 0, 0, 0, 0, 0],[0, 1, 0, 1, 2, 0, 0, 0],[0, 0, 0, 0, 0, 0, 0, 0],[0, 0, 0, 0, 0, 0, 0, 0],[0, 0, 0, 0, 1, 0, 1, 2],[0, 0, 0, 0, 0, 0, 0, 0],[0, 0, 0, 0, 0, 0, 0, 0]],[[0, 0, 0, 0, 0, 0, 0, 0],[2, 0, 1, 0, 0, 0, 0, 0],[0, 0, 0, 0, 0, 0, 0, 0],[0, 0, 3, 0, 0, 0, 0, 0],[0, 0, 2, 0, 0, 1, 0, 0],[0, 0, 0, 0, 0, 0, 0, 0],[0, 0, 0, 0, 0, 3, 0, 0],[0, 0, 0, 0, 0, 2, 0, 0]]];

L_10 := LieAlgebra(Rationals, mat_10);

S_10 := SemiSimpleType(L_10);

PrintTo("*stdout*",S_10);

mat_11 :=[[[0, 1, 0, 0, 0, 0, 0],[0, 0, 0, 0, 0, 0, 0],[0, 1, 0, 1, 0, 0, 0],[0, 0, 0, 0, 0, 0, 0],[0, 0, 0, 1, 0, 0, 1],[0, 0, 0, 1, 0, 0, 0],[0, 0, 0, 0, 0, 0, 0]],[[0, 0, 0, 0, 0, 0, 0],[1, 0, 1, 0, 0, 0, 0],[0, 0, 0, 0, 0, 0, 0],[0, 0, 1, 0, 1, 1, 0],[0, 0, 0, 0, 0, 0, 0],[0, 0, 0, 0, 0, 0, 0],[0, 0, 0, 0, 1, 0, 0]]];

L_11 := LieAlgebra(Rationals, mat_11);

S_11 := SemiSimpleType(L_11);

PrintTo("*stdout*",S_11);

mat_12 :=[[[0, 1, 0, 0, 0, 0, 0],[0, 0, 0, 0, 0, 0, 0],[0, 2, 0, 0, 0, 0, 0],[0, 1, 0, 0, 0, 4, 0],[0, 2, 0, 0, 0, 0, 0],[0, 0, 0, 0, 0, 0, 0],[0, 0, 0, 0, 0, 2, 0]],[[0, 0, 0, 0, 0, 0, 0],[2, 0, 1, 1, 1, 0, 0],[0, 0, 0, 0, 0, 0, 0],[0, 0, 0, 0, 0, 0, 0],[0, 0, 0, 0, 0, 0, 0],[0, 0, 0, 1, 0, 0, 1],[0, 0, 0, 0, 0, 0, 0]]];

L_12 := LieAlgebra(Rationals, mat_12);

S_12 := SemiSimpleType(L_12);

PrintTo("*stdout*",S_12);

mat_13 :=[[[0, 1, 0, 0, 0, 0, 0],[0, 0, 0, 0, 0, 0, 0],[0, 10, 0, 0, 2, 0, 0],[0, 10, 0, 0, 0, 0, 0],[0, 0, 0, 0, 0, 0, 0],[0, 0, 0, 0, 8, 0, 0],[0, 0, 0, 0, 1, 0, 0]],[[0, 0, 0, 0, 0, 0, 0],[6, 0, 1, 1, 0, 0, 0],[0, 0, 0, 0, 0, 0, 0],[0, 0, 0, 0, 0, 0, 0],[0, 0, 1, 0, 0, 1, 2],[0, 0, 0, 0, 0, 0, 0],[0, 0, 0, 0, 0, 0, 0]]];

L_13 := LieAlgebra(Rationals, mat_13);

S_13 := SemiSimpleType(L_13);

PrintTo("*stdout*",S_13);

mat_14 :=[[[0, 1, 0, 0, 0, 0],[0, 0, 0, 0, 0, 0],[0, 1, 0, 1, 0, 0],[0, 0, 0, 0, 0, 0],[0, 0, 0, 1, 0, 0],[0, 0, 0, 1, 0, 0]],[[0, 0, 0, 0, 0, 0],[1, 0, 1, 0, 0, 0],[0, 0, 0, 0, 0, 0],[0, 0, 1, 0, 1, 1],[0, 0, 0, 0, 0, 0],[0, 0, 0, 0, 0, 0]]];

L_14 := LieAlgebra(Rationals, mat_14);

S_14 := SemiSimpleType(L_14);

PrintTo("*stdout*",S_14);

mat_15 :=[[[0, 1, 0, 0, 0],[0, 0, 0, 0, 0],[0, 1, 0, 1, 0],[0, 0, 0, 0, 0],[0, 0, 0, 1, 0]],[[0, 0, 0, 0, 0],[1, 0, 1, 0, 0],[0, 0, 0, 0, 0],[0, 0, 1, 0, 1],[0, 0, 0, 0, 0]]];

L_15 := LieAlgebra(Rationals, mat_15);

S_15 := SemiSimpleType(L_15);

PrintTo("*stdout*",S_15);

mat_16 :=[[[0, 1, 0, 0, 0],[0, 0, 0, 0, 0],[0, 1, 0, 1, 0],[0, 0, 0, 0, 0],[0, 0, 0, 1, 0]],[[0, 0, 0, 0, 0],[1, 0, 1, 0, 0],[0, 0, 0, 0, 0],[0, 0, 2, 0, 1],[0, 0, 0, 0, 0]]];

L_16 := LieAlgebra(Rationals, mat_16);

S_16 := SemiSimpleType(L_16);

PrintTo("*stdout*",S_16);

mat_17 :=[[[0, 1, 0, 0, 0],[0, 0, 0, 0, 0],[0, 1, 0, 2, 0],[0, 0, 0, 0, 0],[0, 0, 0, 1, 0]],[[0, 0, 0, 0, 0],[1, 0, 1, 0, 0],[0, 0, 0, 0, 0],[0, 0, 1, 0, 1],[0, 0, 0, 0, 0]]];

L_17 := LieAlgebra(Rationals, mat_17);

S_17 := SemiSimpleType(L_17);

PrintTo("*stdout*",S_17);

mat_18 :=[[[0, 1, 0, 0, 0],[0, 0, 0, 0, 0],[0, 1, 0, 2, 0],[0, 0, 0, 0, 0],[0, 0, 0, 2, 0]],[[0, 0, 0, 0, 0],[1, 0, 1, 0, 0],[0, 0, 0, 0, 0],[0, 0, 1, 0, 1],[0, 0, 0, 0, 0]]];

L_18 := LieAlgebra(Rationals, mat_18);

S_18 := SemiSimpleType(L_18);

PrintTo("*stdout*",S_18);

mat_19 :=[[[0, 1, 0, 0, 0],[0, 0, 0, 0, 0],[0, 1, 0, 0, 0],[0, 2, 0, 0, 0],[0, 1, 0, 0, 0]],[[0, 0, 0, 0, 0],[1, 0, 1, 1, 1],[0, 0, 0, 0, 0],[0, 0, 0, 0, 0],[0, 0, 0, 0, 0]]];

L_19 := LieAlgebra(Rationals, mat_19);

S_19 := SemiSimpleType(L_19);

PrintTo("*stdout*",S_19);

mat_20 :=[[[0, 1, 0, 0, 0],[0, 0, 0, 0, 0],[0, 3, 0, 0, 0],[0, 1, 0, 0, 0],[0, 2, 0, 0, 0]],[[0, 0, 0, 0, 0],[1, 0, 1, 1, 1],[0, 0, 0, 0, 0],[0, 0, 0, 0, 0],[0, 0, 0, 0, 0]]];

L_20 := LieAlgebra(Rationals, mat_20);

S_20 := SemiSimpleType(L_20);

PrintTo("*stdout*",S_20);

mat_21 :=[[[0, 1, 0, 0, 0],[0, 0, 0, 0, 0],[0, 3, 0, 0, 0],[0, 1, 0, 0, 0],[0, 2, 0, 0, 0]],[[0, 0, 0, 0, 0],[1, 0, 1, 2, 1],[0, 0, 0, 0, 0],[0, 0, 0, 0, 0],[0, 0, 0, 0, 0]]];

L_21 := LieAlgebra(Rationals, mat_21);

S_21 := SemiSimpleType(L_21);

PrintTo("*stdout*",S_21);

mat_22 :=[[[0, 1, 0, 0, 0],[0, 0, 0, 0, 0],[0, 5, 0, 1, 2],[0, 0, 0, 0, 0],[0, 0, 0, 0, 0]],[[0, 0, 0, 0, 0],[21, 0, 1, 0, 0],[0, 0, 0, 0, 0],[0, 0, 4, 0, 0],[0, 0, 2, 0, 0]]];

L_22 := LieAlgebra(Rationals, mat_22);

S_22 := SemiSimpleType(L_22);

PrintTo("*stdout*",S_22);

mat_23 :=[[[0, 1, 0, 0],[0, 0, 0, 0],[0, 1, 0, 2],[0, 0, 0, 0]],[[0, 0, 0, 0],[1, 0, 1, 0],[0, 0, 0, 0],[0, 0, 1, 0]]];

L_23 := LieAlgebra(Rationals, mat_23);

S_23 := SemiSimpleType(L_23);

PrintTo("*stdout*",S_23);

mat_24 :=[[[0, 1, 0, 0],[0, 0, 0, 0],[0, 1, 0, 0],[0, 1, 0, 0]],[[0, 0, 0, 0],[1, 0, 1, 1],[0, 0, 0, 0],[0, 0, 0, 0]]];

L_24 := LieAlgebra(Rationals, mat_24);

S_24 := SemiSimpleType(L_24);

PrintTo("*stdout*",S_24);

mat_25 :=[[[0, 1, 0, 0],[0, 0, 0, 0],[0, 2, 0, 0],[0, 1, 0, 0]],[[0, 0, 0, 0],[1, 0, 1, 1],[0, 0, 0, 0],[0, 0, 0, 0]]];

L_25 := LieAlgebra(Rationals, mat_25);

S_25 := SemiSimpleType(L_25);

PrintTo("*stdout*",S_25);

mat_26 :=[[[0, 1, 0, 0],[0, 0, 0, 0],[0, 4, 0, 0],[0, 1, 0, 0]],[[0, 0, 0, 0],[1, 0, 1, 1],[0, 0, 0, 0],[0, 0, 0, 0]]];

L_26 := LieAlgebra(Rationals, mat_26);

S_26 := SemiSimpleType(L_26);

PrintTo("*stdout*",S_26);

mat_27 :=[[[0, 1, 0, 0],[0, 0, 0, 0],[0, 1, 0, 0],[0, 1, 0, 0]],[[0, 0, 0, 0],[2, 0, 1, 1],[0, 0, 0, 0],[0, 0, 0, 0]]];

L_27 := LieAlgebra(Rationals, mat_27);

S_27 := SemiSimpleType(L_27);

PrintTo("*stdout*",S_27);

mat_28 :=[[[0, 1, 0, 0],[0, 0, 0, 0],[0, 2, 0, 0],[0, 1, 0, 0]],[[0, 0, 0, 0],[2, 0, 1, 1],[0, 0, 0, 0],[0, 0, 0, 0]]];

L_28 := LieAlgebra(Rationals, mat_28);

S_28 := SemiSimpleType(L_28);

PrintTo("*stdout*",S_28);

mat_29 :=[[[0, 1, 0],[0, 0, 0],[0, 1, 0]],[[0, 0, 0],[1, 0, 1],[0, 0, 0]]];

L_29 := LieAlgebra(Rationals, mat_29);

S_29 := SemiSimpleType(L_29);

PrintTo("*stdout*",S_29);

mat_30 :=[[[0, 1, 0],[0, 0, 0],[0, 2, 0]],[[0, 0, 0],[1, 0, 1],[0, 0, 0]]];

L_30 := LieAlgebra(Rationals, mat_30);

S_30 := SemiSimpleType(L_30);

PrintTo("*stdout*",S_30);

mat_31 :=[[[0, 1, 0],[0, 0, 0],[0, 1, 0]],[[0, 0, 0],[1, 0, 2],[0, 0, 0]]];

L_31 := LieAlgebra(Rationals, mat_31);

S_31 := SemiSimpleType(L_31);

PrintTo("*stdout*",S_31);

mat_32 :=[[[0, 1, 0],[0, 0, 0],[0, 1, 0]],[[0, 0, 0],[2, 0, 1],[0, 0, 0]]];

L_32 := LieAlgebra(Rationals, mat_32);

S_32 := SemiSimpleType(L_32);

PrintTo("*stdout*",S_32);

mat_33 :=[[[0, 1, 0],[0, 0, 0],[0, 2, 0]],[[0, 0, 0],[2, 0, 1],[0, 0, 0]]];

L_33 := LieAlgebra(Rationals, mat_33);

S_33 := SemiSimpleType(L_33);

PrintTo("*stdout*",S_33);

mat_34 :=[[[0, 1, 0],[0, 0, 0],[0, 1, 0]],[[0, 0, 0],[3, 0, 1],[0, 0, 0]]];

L_34 := LieAlgebra(Rationals, mat_34);

S_34 := SemiSimpleType(L_34);

PrintTo("*stdout*",S_34);

mat_35 :=[[[0, 1, 0],[0, 0, 0],[0, 1, 0]],[[0, 0, 0],[4, 0, 1],[0, 0, 0]]];

L_35 := LieAlgebra(Rationals, mat_35);

S_35 := SemiSimpleType(L_35);

PrintTo("*stdout*",S_35);

mat_36 :=[[[0, 1],[0, 0]],[[0, 0],[1, 0]]];

L_36 := LieAlgebra(Rationals, mat_36);

S_36 := SemiSimpleType(L_36);

PrintTo("*stdout*",S_36);

mat_37 :=[[[0, 1],[0, 0]],[[0, 0],[2, 0]]];

L_37 := LieAlgebra(Rationals, mat_37);

S_37 := SemiSimpleType(L_37);

PrintTo("*stdout*",S_37);

mat_38 :=[[[0, 1],[0, 0]],[[0, 0],[3, 0]]];

L_38 := LieAlgebra(Rationals, mat_38);

S_38 := SemiSimpleType(L_38);

PrintTo("*stdout*",S_38);

mat_39 :=[[[0, 1],[0, 0]],[[0, 0],[4, 0]]];

L_39 := LieAlgebra(Rationals, mat_39);

S_39 := SemiSimpleType(L_39);

PrintTo("*stdout*",S_39);

mat_40 :=[[[0, 1],[0, 0]],[[0, 0],[5, 0]]];

L_40 := LieAlgebra(Rationals, mat_40);

S_40 := SemiSimpleType(L_40);

PrintTo("*stdout*",S_40);

mat_41 :=[[[0, 1],[0, 0]],[[0, 0],[56, 0]]];

L_41 := LieAlgebra(Rationals, mat_41);

S_41 := SemiSimpleType(L_41);

PrintTo("*stdout*",S_41);

mat_42 :=[[[0, 1],[0, 0]],[[0, 0],[6, 0]]];

L_42 := LieAlgebra(Rationals, mat_42);

S_42 := SemiSimpleType(L_42);

PrintTo("*stdout*",S_42);

mat_43 :=[[[0, 1],[0, 0]],[[0, 0],[8, 0]]];

L_43 := LieAlgebra(Rationals, mat_43);

S_43 := SemiSimpleType(L_43);

PrintTo("*stdout*",S_43);

mat_44 :=[[[0, 1, 1, 0, 0, 0, 0, 0, 0, 0, 0, 0, 0, 0, 0, 0, 0],[0, 0, 0, 0, 0, 0, 0, 0, 0, 0, 0, 0, 0, 0, 0, 0, 0],[0, 0, 0, 0, 0, 0, 0, 0, 0, 0, 0, 0, 0, 0, 0, 0, 0],[0, 5, 0, 0, 0, 0, 1, 0, 0, 0, 0, 0, 0, 0, 0, 0, 0],[0, 0, 1, 0, 0, 0, 1, 0, 0, 1, 2, 0, 0, 0, 0, 0, 0],[0, 0, 4, 0, 0, 0, 0, 1, 2, 0, 0, 0, 0, 0, 0, 0, 0],[0, 0, 0, 0, 0, 0, 0, 0, 0, 0, 0, 0, 0, 0, 0, 0, 0],[0, 0, 0, 0, 0, 0, 0, 0, 0, 0, 0, 0, 0, 0, 0, 0, 0],[0, 0, 0, 0, 0, 0, 0, 0, 0, 0, 0, 0, 0, 0, 0, 0, 0],[0, 0, 0, 0, 0, 0, 0, 0, 0, 0, 0, 0, 0, 0, 0, 0, 0],[0, 0, 0, 0, 0, 0, 0, 0, 0, 0, 0, 0, 0, 0, 0, 0, 0],[0, 0, 0, 0, 0, 0, 0, 0, 0, 0, 4, 0, 0, 1, 1, 0, 0],[0, 0, 0, 0, 0, 0, 0, 0, 0, 1, 0, 0, 0, 1, 0, 2, 0],[0, 0, 0, 0, 0, 0, 0, 0, 0, 0, 0, 0, 0, 0, 0, 0, 0],[0, 0, 0, 0, 0, 0, 0, 0, 0, 0, 0, 0, 0, 0, 0, 0, 0],[0, 0, 0, 0, 0, 0, 0, 0, 0, 0, 0, 0, 0, 0, 0, 0, 0],[0, 0, 0, 0, 0, 0, 0, 0, 0, 0, 0, 0, 0, 0, 1, 0, 0]],[[0, 0, 0, 0, 0, 0, 0, 0, 0, 0, 0, 0, 0, 0, 0, 0, 0],[1, 0, 0, 1, 0, 0, 0, 0, 0, 0, 0, 0, 0, 0, 0, 0, 0],[10, 0, 0, 0, 1, 1, 0, 0, 0, 0, 0, 0, 0, 0, 0, 0, 0],[0, 0, 0, 0, 0, 0, 0, 0, 0, 0, 0, 0, 0, 0, 0, 0, 0],[0, 0, 0, 0, 0, 0, 0, 0, 0, 0, 0, 0, 0, 0, 0, 0, 0],[0, 0, 0, 0, 0, 0, 0, 0, 0, 0, 0, 0, 0, 0, 0, 0, 0],[0, 0, 0, 2, 1, 0, 0, 0, 0, 0, 0, 0, 0, 0, 0, 0, 0],[0, 0, 0, 0, 0, 1, 0, 0, 0, 0, 0, 0, 0, 0, 0, 0, 0],[0, 0, 0, 0, 0, 1, 0, 0, 0, 0, 0, 0, 0, 0, 0, 0, 0],[0, 0, 0, 0, 4, 0, 0, 0, 0, 0, 0, 0, 1, 0, 0, 0, 0],[0, 0, 0, 0, 1, 0, 0, 0, 0, 0, 0, 1, 0, 0, 0, 0, 0],[0, 0, 0, 0, 0, 0, 0, 0, 0, 0, 0, 0, 0, 0, 0, 0, 0],[0, 0, 0, 0, 0, 0, 0, 0, 0, 0, 0, 0, 0, 0, 0, 0, 0],[0, 0, 0, 0, 0, 0, 0, 0, 0, 0, 0, 2, 1, 0, 0, 0, 0],[0, 0, 0, 0, 0, 0, 0, 0, 0, 0, 0, 3, 0, 0, 0, 0, 2],[0, 0, 0, 0, 0, 0, 0, 0, 0, 0, 0, 0, 1, 0, 0, 0, 0],[0, 0, 0, 0, 0, 0, 0, 0, 0, 0, 0, 0, 0, 0, 0, 0, 0]]];

L_44 := LieAlgebra(Rationals, mat_44);

S_44 := SemiSimpleType(L_44);

PrintTo("*stdout*",S_44);

mat_45 :=[[[0, 1, 1, 0, 0, 0, 0, 0, 0, 0, 0, 0],[0, 0, 0, 0, 0, 0, 0, 0, 0, 0, 0, 0],[0, 0, 0, 0, 0, 0, 0, 0, 0, 0, 0, 0],[0, 1, 0, 0, 0, 0, 1, 1, 0, 0, 0, 0],[0, 0, 5, 0, 0, 1, 0, 1, 2, 1, 0, 0],[0, 0, 0, 0, 0, 0, 0, 0, 0, 0, 0, 0],[0, 0, 0, 0, 0, 0, 0, 0, 0, 0, 0, 0],[0, 0, 0, 0, 0, 0, 0, 0, 0, 0, 0, 0],[0, 0, 0, 0, 0, 0, 0, 0, 0, 0, 0, 0],[0, 0, 0, 0, 0, 0, 0, 0, 0, 0, 0, 0],[0, 0, 0, 0, 0, 0, 0, 0, 0, 1, 0, 1],[0, 0, 0, 0, 0, 0, 0, 0, 0, 0, 0, 0]],[[0, 0, 0, 0, 0, 0, 0, 0, 0, 0, 0, 0],[15, 0, 0, 1, 0, 0, 0, 0, 0, 0, 0, 0],[6, 0, 0, 0, 1, 0, 0, 0, 0, 0, 0, 0],[0, 0, 0, 0, 0, 0, 0, 0, 0, 0, 0, 0],[0, 0, 0, 0, 0, 0, 0, 0, 0, 0, 0, 0],[0, 0, 0, 0, 4, 0, 0, 0, 0, 0, 0, 0],[0, 0, 0, 4, 0, 0, 0, 0, 0, 0, 0, 0],[0, 0, 0, 2, 1, 0, 0, 0, 0, 0, 0, 0],[0, 0, 0, 0, 1, 0, 0, 0, 0, 0, 0, 0],[0, 0, 0, 0, 4, 0, 0, 0, 0, 0, 2, 0],[0, 0, 0, 0, 0, 0, 0, 0, 0, 0, 0, 0],[0, 0, 0, 0, 0, 0, 0, 0, 0, 0, 2, 0]]];

L_45 := LieAlgebra(Rationals, mat_45);

S_45 := SemiSimpleType(L_45);

PrintTo("*stdout*",S_45);

mat_46 :=[[[0, 1, 1, 0, 0, 0, 0],[0, 0, 0, 0, 0, 0, 0],[0, 0, 0, 0, 0, 0, 0],[0, 0, 1, 0, 1, 1, 0],[0, 0, 0, 0, 0, 0, 0],[0, 0, 0, 0, 0, 0, 0],[0, 0, 0, 0, 0, 1, 0]],[[0, 0, 0, 0, 0, 0, 0],[1, 0, 0, 0, 0, 0, 0],[1, 0, 0, 1, 0, 0, 0],[0, 0, 0, 0, 0, 0, 0],[0, 0, 0, 1, 0, 0, 0],[0, 0, 0, 1, 0, 0, 1],[0, 0, 0, 0, 0, 0, 0]]];

L_46 := LieAlgebra(Rationals, mat_46);

S_46 := SemiSimpleType(L_46);

PrintTo("*stdout*",S_46);

mat_47 :=[[[0, 1, 1, 0, 0, 0, 0],[0, 0, 0, 0, 0, 0, 0],[0, 0, 0, 0, 0, 0, 0],[0, 0, 1, 0, 1, 1, 2],[0, 0, 0, 0, 0, 0, 0],[0, 0, 0, 0, 0, 0, 0],[0, 0, 0, 0, 0, 0, 0]],[[0, 0, 0, 0, 0, 0, 0],[2, 0, 0, 0, 0, 0, 0],[4, 0, 0, 1, 0, 0, 0],[0, 0, 0, 0, 0, 0, 0],[0, 0, 0, 2, 0, 0, 0],[0, 0, 0, 2, 0, 0, 0],[0, 0, 0, 1, 0, 0, 0]]];

L_47 := LieAlgebra(Rationals, mat_47);

S_47 := SemiSimpleType(L_47);

PrintTo("*stdout*",S_47);

mat_48 :=[[[0, 1, 1, 0, 0],[0, 0, 0, 0, 0],[0, 0, 0, 0, 0],[0, 0, 1, 0, 1],[0, 0, 0, 0, 0]],[[0, 0, 0, 0, 0],[1, 0, 0, 0, 0],[1, 0, 0, 1, 0],[0, 0, 0, 0, 0],[0, 0, 0, 1, 0]]];

L_48 := LieAlgebra(Rationals, mat_48);

S_48 := SemiSimpleType(L_48);

PrintTo("*stdout*",S_48);

mat_49 :=[[[0, 1, 1, 0, 0],[0, 0, 0, 0, 0],[0, 0, 0, 0, 0],[0, 0, 1, 0, 1],[0, 0, 0, 0, 0]],[[0, 0, 0, 0, 0],[1, 0, 0, 0, 0],[2, 0, 0, 1, 0],[0, 0, 0, 0, 0],[0, 0, 0, 1, 0]]];

L_49 := LieAlgebra(Rationals, mat_49);

S_49 := SemiSimpleType(L_49);

PrintTo("*stdout*",S_49);

mat_50 :=[[[0, 1, 1, 0, 0],[0, 0, 0, 0, 0],[0, 0, 0, 0, 0],[0, 0, 1, 0, 1],[0, 0, 0, 0, 0]],[[0, 0, 0, 0, 0],[2, 0, 0, 0, 0],[2, 0, 0, 1, 0],[0, 0, 0, 0, 0],[0, 0, 0, 1, 0]]];

L_50 := LieAlgebra(Rationals, mat_50);

S_50 := SemiSimpleType(L_50);

PrintTo("*stdout*",S_50);

mat_51 :=[[[0, 1, 1, 0],[0, 0, 0, 0],[0, 0, 0, 0],[0, 0, 1, 0]],[[0, 0, 0, 0],[1, 0, 0, 0],[1, 0, 0, 1],[0, 0, 0, 0]]];

L_51 := LieAlgebra(Rationals, mat_51);

S_51 := SemiSimpleType(L_51);

PrintTo("*stdout*",S_51);

mat_52 :=[[[0, 1, 1, 0],[0, 0, 0, 0],[0, 0, 0, 0],[0, 0, 1, 0]],[[0, 0, 0, 0],[1, 0, 0, 0],[1, 0, 0, 2],[0, 0, 0, 0]]];

L_52 := LieAlgebra(Rationals, mat_52);

S_52 := SemiSimpleType(L_52);

PrintTo("*stdout*",S_52);

mat_53 :=[[[0, 1, 1],[0, 0, 0],[0, 0, 0]],[[0, 0, 0],[1, 0, 0],[1, 0, 0]]];

L_53 := LieAlgebra(Rationals, mat_53);

S_53 := SemiSimpleType(L_53);

PrintTo("*stdout*",S_53);

mat_54 :=[[[0, 1, 1],[0, 0, 0],[0, 0, 0]],[[0, 0, 0],[1, 0, 0],[15, 0, 0]]];

L_54 := LieAlgebra(Rationals, mat_54);

S_54 := SemiSimpleType(L_54);

PrintTo("*stdout*",S_54);

mat_55 :=[[[0, 1, 1],[0, 0, 0],[0, 0, 0]],[[0, 0, 0],[1, 0, 0],[2, 0, 0]]];

L_55 := LieAlgebra(Rationals, mat_55);

S_55 := SemiSimpleType(L_55);

PrintTo("*stdout*",S_55);

mat_56 :=[[[0, 1, 1],[0, 0, 0],[0, 0, 0]],[[0, 0, 0],[1, 0, 0],[3, 0, 0]]];

L_56 := LieAlgebra(Rationals, mat_56);

S_56 := SemiSimpleType(L_56);

PrintTo("*stdout*",S_56);

mat_57 :=[[[0, 1, 1],[0, 0, 0],[0, 0, 0]],[[0, 0, 0],[2, 0, 0],[1, 0, 0]]];

L_57 := LieAlgebra(Rationals, mat_57);

S_57 := SemiSimpleType(L_57);

PrintTo("*stdout*",S_57);

mat_58 :=[[[0, 1, 1],[0, 0, 0],[0, 0, 0]],[[0, 0, 0],[2, 0, 0],[2, 0, 0]]];

L_58 := LieAlgebra(Rationals, mat_58);

S_58 := SemiSimpleType(L_58);

PrintTo("*stdout*",S_58);

mat_59 :=[[[0, 1, 1],[0, 0, 0],[0, 0, 0]],[[0, 0, 0],[2, 0, 0],[4, 0, 0]]];

L_59 := LieAlgebra(Rationals, mat_59);

S_59 := SemiSimpleType(L_59);

PrintTo("*stdout*",S_59);

mat_60 :=[[[0, 1, 1],[0, 0, 0],[0, 0, 0]],[[0, 0, 0],[4, 0, 0],[16, 0, 0]]];

L_60 := LieAlgebra(Rationals, mat_60);

S_60 := SemiSimpleType(L_60);

PrintTo("*stdout*",S_60);

mat_61 :=[[[0, 1, 1],[0, 0, 0],[0, 0, 0]],[[0, 0, 0],[4, 0, 0],[8, 0, 0]]];

L_61 := LieAlgebra(Rationals, mat_61);

S_61 := SemiSimpleType(L_61);

PrintTo("*stdout*",S_61);

mat_62 :=[[[0, 1, 1],[0, 0, 0],[0, 0, 0]],[[0, 0, 0],[6, 0, 0],[30, 0, 0]]];

L_62 := LieAlgebra(Rationals, mat_62);

S_62 := SemiSimpleType(L_62);

PrintTo("*stdout*",S_62);

mat_63 :=[[[0, 1, 1, 1, 0, 0, 0, 0, 0, 0, 0, 0],[0, 0, 0, 0, 0, 0, 0, 0, 0, 0, 0, 0],[0, 0, 0, 0, 0, 0, 0, 0, 0, 0, 0, 0],[0, 0, 0, 0, 0, 0, 0, 0, 0, 0, 0, 0],[0, 0, 0, 1, 0, 1, 1, 2, 1, 0, 0, 0],[0, 0, 0, 0, 0, 0, 0, 0, 0, 0, 0, 0],[0, 0, 0, 0, 0, 0, 0, 0, 0, 0, 0, 0],[0, 0, 0, 0, 0, 0, 0, 0, 0, 0, 0, 0],[0, 0, 0, 0, 0, 0, 0, 0, 0, 0, 0, 0],[0, 0, 0, 0, 0, 0, 0, 0, 1, 0, 1, 1],[0, 0, 0, 0, 0, 0, 0, 0, 0, 0, 0, 0],[0, 0, 0, 0, 0, 0, 0, 0, 0, 0, 0, 0]],[[0, 0, 0, 0, 0, 0, 0, 0, 0, 0, 0, 0],[1, 0, 0, 0, 0, 0, 0, 0, 0, 0, 0, 0],[3, 0, 0, 0, 0, 0, 0, 0, 0, 0, 0, 0],[2, 0, 0, 0, 1, 0, 0, 0, 0, 0, 0, 0],[0, 0, 0, 0, 0, 0, 0, 0, 0, 0, 0, 0],[0, 0, 0, 0, 1, 0, 0, 0, 0, 0, 0, 0],[0, 0, 0, 0, 3, 0, 0, 0, 0, 0, 0, 0],[0, 0, 0, 0, 1, 0, 0, 0, 0, 0, 0, 0],[0, 0, 0, 0, 1, 0, 0, 0, 0, 1, 0, 0],[0, 0, 0, 0, 0, 0, 0, 0, 0, 0, 0, 0],[0, 0, 0, 0, 0, 0, 0, 0, 0, 1, 0, 0],[0, 0, 0, 0, 0, 0, 0, 0, 0, 1, 0, 0]]];

L_63 := LieAlgebra(Rationals, mat_63);

S_63 := SemiSimpleType(L_63);

PrintTo("*stdout*",S_63);

mat_64 :=[[[0, 1, 1, 1, 0, 0, 0, 0, 0],[0, 0, 0, 0, 0, 0, 0, 0, 0],[0, 0, 0, 0, 0, 0, 0, 0, 0],[0, 0, 0, 0, 0, 0, 0, 0, 0],[0, 0, 0, 1, 0, 1, 1, 1, 2],[0, 0, 0, 0, 0, 0, 0, 0, 0],[0, 0, 0, 0, 0, 0, 0, 0, 0],[0, 0, 0, 0, 0, 0, 0, 0, 0],[0, 0, 0, 0, 0, 0, 0, 0, 0]],[[0, 0, 0, 0, 0, 0, 0, 0, 0],[1, 0, 0, 0, 0, 0, 0, 0, 0],[6, 0, 0, 0, 0, 0, 0, 0, 0],[4, 0, 0, 0, 1, 0, 0, 0, 0],[0, 0, 0, 0, 0, 0, 0, 0, 0],[0, 0, 0, 0, 1, 0, 0, 0, 0],[0, 0, 0, 0, 1, 0, 0, 0, 0],[0, 0, 0, 0, 3, 0, 0, 0, 0],[0, 0, 0, 0, 1, 0, 0, 0, 0]]];

L_64 := LieAlgebra(Rationals, mat_64);

S_64 := SemiSimpleType(L_64);

PrintTo("*stdout*",S_64);

mat_65 :=[[[0, 1, 1, 1, 0, 0],[0, 0, 0, 0, 0, 0],[0, 0, 0, 0, 0, 0],[0, 0, 0, 0, 0, 0],[0, 0, 0, 1, 0, 1],[0, 0, 0, 0, 0, 0]],[[0, 0, 0, 0, 0, 0],[1, 0, 0, 0, 0, 0],[1, 0, 0, 0, 0, 0],[1, 0, 0, 0, 1, 0],[0, 0, 0, 0, 0, 0],[0, 0, 0, 0, 1, 0]]];

L_65 := LieAlgebra(Rationals, mat_65);

S_65 := SemiSimpleType(L_65);

PrintTo("*stdout*",S_65);

mat_66 :=[[[0, 1, 1, 1],[0, 0, 0, 0],[0, 0, 0, 0],[0, 0, 0, 0]],[[0, 0, 0, 0],[1, 0, 0, 0],[1, 0, 0, 0],[1, 0, 0, 0]]];

L_66 := LieAlgebra(Rationals, mat_66);

S_66 := SemiSimpleType(L_66);

PrintTo("*stdout*",S_66);

mat_67 :=[[[0, 1, 1, 1],[0, 0, 0, 0],[0, 0, 0, 0],[0, 0, 0, 0]],[[0, 0, 0, 0],[1, 0, 0, 0],[2, 0, 0, 0],[1, 0, 0, 0]]];

L_67 := LieAlgebra(Rationals, mat_67);

S_67 := SemiSimpleType(L_67);

PrintTo("*stdout*",S_67);

mat_68 :=[[[0, 1, 1, 1],[0, 0, 0, 0],[0, 0, 0, 0],[0, 0, 0, 0]],[[0, 0, 0, 0],[1, 0, 0, 0],[4, 0, 0, 0],[1, 0, 0, 0]]];

L_68 := LieAlgebra(Rationals, mat_68);

S_68 := SemiSimpleType(L_68);

PrintTo("*stdout*",S_68);

mat_69 :=[[[0, 1, 1, 1],[0, 0, 0, 0],[0, 0, 0, 0],[0, 0, 0, 0]],[[0, 0, 0, 0],[1, 0, 0, 0],[4, 0, 0, 0],[6, 0, 0, 0]]];

L_69 := LieAlgebra(Rationals, mat_69);

S_69 := SemiSimpleType(L_69);

PrintTo("*stdout*",S_69);

mat_70 :=[[[0, 1, 1, 1],[0, 0, 0, 0],[0, 0, 0, 0],[0, 0, 0, 0]],[[0, 0, 0, 0],[2, 0, 0, 0],[2, 0, 0, 0],[1, 0, 0, 0]]];

L_70 := LieAlgebra(Rationals, mat_70);

S_70 := SemiSimpleType(L_70);

PrintTo("*stdout*",S_70);

mat_71 :=[[[0, 1, 1, 1],[0, 0, 0, 0],[0, 0, 0, 0],[0, 0, 0, 0]],[[0, 0, 0, 0],[2, 0, 0, 0],[2, 0, 0, 0],[2, 0, 0, 0]]];

L_71 := LieAlgebra(Rationals, mat_71);

S_71 := SemiSimpleType(L_71);

PrintTo("*stdout*",S_71);

mat_72 :=[[[0, 1, 1, 1],[0, 0, 0, 0],[0, 0, 0, 0],[0, 0, 0, 0]],[[0, 0, 0, 0],[2, 0, 0, 0],[4, 0, 0, 0],[2, 0, 0, 0]]];

L_72 := LieAlgebra(Rationals, mat_72);

S_72 := SemiSimpleType(L_72);

PrintTo("*stdout*",S_72);

mat_73 :=[[[0, 1, 1, 1],[0, 0, 0, 0],[0, 0, 0, 0],[0, 0, 0, 0]],[[0, 0, 0, 0],[3, 0, 0, 0],[3, 0, 0, 0],[1, 0, 0, 0]]];

L_73 := LieAlgebra(Rationals, mat_73);

S_73 := SemiSimpleType(L_73);

PrintTo("*stdout*",S_73);

mat_74 :=[[[0, 1, 1, 1],[0, 0, 0, 0],[0, 0, 0, 0],[0, 0, 0, 0]],[[0, 0, 0, 0],[4, 0, 0, 0],[2, 0, 0, 0],[2, 0, 0, 0]]];

L_74 := LieAlgebra(Rationals, mat_74);

S_74 := SemiSimpleType(L_74);

PrintTo("*stdout*",S_74);

mat_75 :=[[[0, 1, 1, 1],[0, 0, 0, 0],[0, 0, 0, 0],[0, 0, 0, 0]],[[0, 0, 0, 0],[6, 0, 0, 0],[1, 0, 0, 0],[4, 0, 0, 0]]];

L_75 := LieAlgebra(Rationals, mat_75);

S_75 := SemiSimpleType(L_75);

PrintTo("*stdout*",S_75);

mat_76 :=[[[0, 1, 1, 1, 1],[0, 0, 0, 0, 0],[0, 0, 0, 0, 0],[0, 0, 0, 0, 0],[0, 0, 0, 0, 0]],[[0, 0, 0, 0, 0],[1, 0, 0, 0, 0],[10, 0, 0, 0, 0],[10, 0, 0, 0, 0],[5, 0, 0, 0, 0]]];

L_76 := LieAlgebra(Rationals, mat_76);

S_76 := SemiSimpleType(L_76);

PrintTo("*stdout*",S_76);

mat_77 :=[[[0, 1, 1, 1, 1],[0, 0, 0, 0, 0],[0, 0, 0, 0, 0],[0, 0, 0, 0, 0],[0, 0, 0, 0, 0]],[[0, 0, 0, 0, 0],[1, 0, 0, 0, 0],[2, 0, 0, 0, 0],[1, 0, 0, 0, 0],[1, 0, 0, 0, 0]]];

L_77 := LieAlgebra(Rationals, mat_77);

S_77 := SemiSimpleType(L_77);

PrintTo("*stdout*",S_77);

mat_78 :=[[[0, 1, 1, 1, 1],[0, 0, 0, 0, 0],[0, 0, 0, 0, 0],[0, 0, 0, 0, 0],[0, 0, 0, 0, 0]],[[0, 0, 0, 0, 0],[1, 0, 0, 0, 0],[2, 0, 0, 0, 0],[3, 0, 0, 0, 0],[2, 0, 0, 0, 0]]];

L_78 := LieAlgebra(Rationals, mat_78);

S_78 := SemiSimpleType(L_78);

PrintTo("*stdout*",S_78);

mat_79 :=[[[0, 1, 1, 1, 1],[0, 0, 0, 0, 0],[0, 0, 0, 0, 0],[0, 0, 0, 0, 0],[0, 0, 0, 0, 0]],[[0, 0, 0, 0, 0],[1, 0, 0, 0, 0],[2, 0, 0, 0, 0],[8, 0, 0, 0, 0],[1, 0, 0, 0, 0]]];

L_79 := LieAlgebra(Rationals, mat_79);

S_79 := SemiSimpleType(L_79);

PrintTo("*stdout*",S_79);

mat_80 :=[[[0, 1, 1, 1, 1],[0, 0, 0, 0, 0],[0, 0, 0, 0, 0],[0, 0, 0, 0, 0],[0, 0, 0, 0, 0]],[[0, 0, 0, 0, 0],[2, 0, 0, 0, 0],[1, 0, 0, 0, 0],[3, 0, 0, 0, 0],[1, 0, 0, 0, 0]]];

L_80 := LieAlgebra(Rationals, mat_80);

S_80 := SemiSimpleType(L_80);

PrintTo("*stdout*",S_80);

mat_81 :=[[[0, 1, 1, 1, 1],[0, 0, 0, 0, 0],[0, 0, 0, 0, 0],[0, 0, 0, 0, 0],[0, 0, 0, 0, 0]],[[0, 0, 0, 0, 0],[2, 0, 0, 0, 0],[4, 0, 0, 0, 0],[2, 0, 0, 0, 0],[8, 0, 0, 0, 0]]];

L_81 := LieAlgebra(Rationals, mat_81);

S_81 := SemiSimpleType(L_81);

PrintTo("*stdout*",S_81);

mat_82 :=[[[0, 1, 1, 1, 1],[0, 0, 0, 0, 0],[0, 0, 0, 0, 0],[0, 0, 0, 0, 0],[0, 0, 0, 0, 0]],[[0, 0, 0, 0, 0],[3, 0, 0, 0, 0],[12, 0, 0, 0, 0],[6, 0, 0, 0, 0],[1, 0, 0, 0, 0]]];

L_82 := LieAlgebra(Rationals, mat_82);

S_82 := SemiSimpleType(L_82);

PrintTo("*stdout*",S_82);

mat_83 :=[[[0, 1, 1, 1, 1],[0, 0, 0, 0, 0],[0, 0, 0, 0, 0],[0, 0, 0, 0, 0],[0, 0, 0, 0, 0]],[[0, 0, 0, 0, 0],[3, 0, 0, 0, 0],[2, 0, 0, 0, 0],[1, 0, 0, 0, 0],[1, 0, 0, 0, 0]]];

L_83 := LieAlgebra(Rationals, mat_83);

S_83 := SemiSimpleType(L_83);

PrintTo("*stdout*",S_83);

mat_84 :=[[[0, 1, 1, 1, 1],[0, 0, 0, 0, 0],[0, 0, 0, 0, 0],[0, 0, 0, 0, 0],[0, 0, 0, 0, 0]],[[0, 0, 0, 0, 0],[4, 0, 0, 0, 0],[1, 0, 0, 0, 0],[6, 0, 0, 0, 0],[2, 0, 0, 0, 0]]];

L_84 := LieAlgebra(Rationals, mat_84);

S_84 := SemiSimpleType(L_84);

PrintTo("*stdout*",S_84);

mat_85 :=[[[0, 1, 1, 1, 1, 1],[0, 0, 0, 0, 0, 0],[0, 0, 0, 0, 0, 0],[0, 0, 0, 0, 0, 0],[0, 0, 0, 0, 0, 0],[0, 0, 0, 0, 0, 0]],[[0, 0, 0, 0, 0, 0],[1, 0, 0, 0, 0, 0],[1, 0, 0, 0, 0, 0],[2, 0, 0, 0, 0, 0],[1, 0, 0, 0, 0, 0],[2, 0, 0, 0, 0, 0]]];

L_85 := LieAlgebra(Rationals, mat_85);

S_85 := SemiSimpleType(L_85);

PrintTo("*stdout*",S_85);

mat_86 :=[[[0, 1, 1, 1, 1, 1],[0, 0, 0, 0, 0, 0],[0, 0, 0, 0, 0, 0],[0, 0, 0, 0, 0, 0],[0, 0, 0, 0, 0, 0],[0, 0, 0, 0, 0, 0]],[[0, 0, 0, 0, 0, 0],[1, 0, 0, 0, 0, 0],[2, 0, 0, 0, 0, 0],[1, 0, 0, 0, 0, 0],[2, 0, 0, 0, 0, 0],[1, 0, 0, 0, 0, 0]]];

L_86 := LieAlgebra(Rationals, mat_86);

S_86 := SemiSimpleType(L_86);

PrintTo("*stdout*",S_86);

mat_87 :=[[[0, 1, 1, 1, 1, 1],[0, 0, 0, 0, 0, 0],[0, 0, 0, 0, 0, 0],[0, 0, 0, 0, 0, 0],[0, 0, 0, 0, 0, 0],[0, 0, 0, 0, 0, 0]],[[0, 0, 0, 0, 0, 0],[1, 0, 0, 0, 0, 0],[2, 0, 0, 0, 0, 0],[1, 0, 0, 0, 0, 0],[3, 0, 0, 0, 0, 0],[1, 0, 0, 0, 0, 0]]];

L_87 := LieAlgebra(Rationals, mat_87);

S_87 := SemiSimpleType(L_87);

PrintTo("*stdout*",S_87);

mat_88 :=[[[0, 1, 1, 1, 1, 1],[0, 0, 0, 0, 0, 0],[0, 0, 0, 0, 0, 0],[0, 0, 0, 0, 0, 0],[0, 0, 0, 0, 0, 0],[0, 0, 0, 0, 0, 0]],[[0, 0, 0, 0, 0, 0],[1, 0, 0, 0, 0, 0],[2, 0, 0, 0, 0, 0],[2, 0, 0, 0, 0, 0],[3, 0, 0, 0, 0, 0],[1, 0, 0, 0, 0, 0]]];

L_88 := LieAlgebra(Rationals, mat_88);

S_88 := SemiSimpleType(L_88);

PrintTo("*stdout*",S_88);

mat_89 :=[[[0, 1, 1, 1, 1, 1, 1],[0, 0, 0, 0, 0, 0, 0],[0, 0, 0, 0, 0, 0, 0],[0, 0, 0, 0, 0, 0, 0],[0, 0, 0, 0, 0, 0, 0],[0, 0, 0, 0, 0, 0, 0],[0, 0, 0, 0, 0, 0, 0]],[[0, 0, 0, 0, 0, 0, 0],[2, 0, 0, 0, 0, 0, 0],[1, 0, 0, 0, 0, 0, 0],[3, 0, 0, 0, 0, 0, 0],[2, 0, 0, 0, 0, 0, 0],[3, 0, 0, 0, 0, 0, 0],[1, 0, 0, 0, 0, 0, 0]]];

L_89 := LieAlgebra(Rationals, mat_89);

S_89 := SemiSimpleType(L_89);

PrintTo("*stdout*",S_89);

mat_90 :=[[[0, 1, 1, 1, 1, 2],[0, 0, 0, 0, 0, 0],[0, 0, 0, 0, 0, 0],[0, 0, 0, 0, 0, 0],[0, 0, 0, 0, 0, 0],[0, 0, 0, 0, 0, 0]],[[0, 0, 0, 0, 0, 0],[3, 0, 0, 0, 0, 0],[1, 0, 0, 0, 0, 0],[2, 0, 0, 0, 0, 0],[3, 0, 0, 0, 0, 0],[2, 0, 0, 0, 0, 0]]];

L_90 := LieAlgebra(Rationals, mat_90);

S_90 := SemiSimpleType(L_90);

PrintTo("*stdout*",S_90);

mat_91 :=[[[0, 1, 1, 1, 2],[0, 0, 0, 0, 0],[0, 0, 0, 0, 0],[0, 0, 0, 0, 0],[0, 0, 0, 0, 0]],[[0, 0, 0, 0, 0],[1, 0, 0, 0, 0],[2, 0, 0, 0, 0],[2, 0, 0, 0, 0],[2, 0, 0, 0, 0]]];

L_91 := LieAlgebra(Rationals, mat_91);

S_91 := SemiSimpleType(L_91);

PrintTo("*stdout*",S_91);

mat_92 :=[[[0, 1, 1, 1, 2],[0, 0, 0, 0, 0],[0, 0, 0, 0, 0],[0, 0, 0, 0, 0],[0, 0, 0, 0, 0]],[[0, 0, 0, 0, 0],[3, 0, 0, 0, 0],[2, 0, 0, 0, 0],[1, 0, 0, 0, 0],[1, 0, 0, 0, 0]]];

L_92 := LieAlgebra(Rationals, mat_92);

S_92 := SemiSimpleType(L_92);

PrintTo("*stdout*",S_92);

mat_93 :=[[[0, 1, 1, 2],[0, 0, 0, 0],[0, 0, 0, 0],[0, 0, 0, 0]],[[0, 0, 0, 0],[1, 0, 0, 0],[1, 0, 0, 0],[1, 0, 0, 0]]];

L_93 := LieAlgebra(Rationals, mat_93);

S_93 := SemiSimpleType(L_93);

PrintTo("*stdout*",S_93);

mat_94 :=[[[0, 1, 1, 2],[0, 0, 0, 0],[0, 0, 0, 0],[0, 0, 0, 0]],[[0, 0, 0, 0],[1, 0, 0, 0],[2, 0, 0, 0],[1, 0, 0, 0]]];

L_94 := LieAlgebra(Rationals, mat_94);

S_94 := SemiSimpleType(L_94);

PrintTo("*stdout*",S_94);

mat_95 :=[[[0, 1, 1, 2],[0, 0, 0, 0],[0, 0, 0, 0],[0, 0, 0, 0]],[[0, 0, 0, 0],[1, 0, 0, 0],[3, 0, 0, 0],[2, 0, 0, 0]]];

L_95 := LieAlgebra(Rationals, mat_95);

S_95 := SemiSimpleType(L_95);

PrintTo("*stdout*",S_95);

mat_96 :=[[[0, 1, 1, 2],[0, 0, 0, 0],[0, 0, 0, 0],[0, 0, 0, 0]],[[0, 0, 0, 0],[3, 0, 0, 0],[1, 0, 0, 0],[2, 0, 0, 0]]];

L_96 := LieAlgebra(Rationals, mat_96);

S_96 := SemiSimpleType(L_96);

PrintTo("*stdout*",S_96);

mat_97 :=[[[0, 1, 1, 2],[0, 0, 0, 0],[0, 0, 0, 0],[0, 0, 0, 0]],[[0, 0, 0, 0],[6, 0, 0, 0],[12, 0, 0, 0],[3, 0, 0, 0]]];

L_97 := LieAlgebra(Rationals, mat_97);

S_97 := SemiSimpleType(L_97);

PrintTo("*stdout*",S_97);

mat_98 :=[[[0, 1, 1, 2, 1, 0, 0, 0, 0],[0, 0, 0, 0, 0, 0, 0, 0, 0],[0, 0, 0, 0, 0, 0, 0, 0, 0],[0, 0, 0, 0, 0, 0, 0, 0, 0],[0, 0, 0, 0, 0, 0, 0, 0, 0],[0, 0, 0, 0, 1, 0, 1, 1, 1],[0, 0, 0, 0, 0, 0, 0, 0, 0],[0, 0, 0, 0, 0, 0, 0, 0, 0],[0, 0, 0, 0, 0, 0, 0, 0, 0]],[[0, 0, 0, 0, 0, 0, 0, 0, 0],[2, 0, 0, 0, 0, 0, 0, 0, 0],[2, 0, 0, 0, 0, 0, 0, 0, 0],[1, 0, 0, 0, 0, 0, 0, 0, 0],[1, 0, 0, 0, 0, 2, 0, 0, 0],[0, 0, 0, 0, 0, 0, 0, 0, 0],[0, 0, 0, 0, 0, 2, 0, 0, 0],[0, 0, 0, 0, 0, 2, 0, 0, 0],[0, 0, 0, 0, 0, 1, 0, 0, 0]]];

L_98 := LieAlgebra(Rationals, mat_98);

S_98 := SemiSimpleType(L_98);

PrintTo("*stdout*",S_98);

mat_99 :=[[[0, 1, 2, 0, 0],[0, 0, 0, 0, 0],[0, 0, 0, 0, 0],[0, 0, 1, 0, 1],[0, 0, 0, 0, 0]],[[0, 0, 0, 0, 0],[1, 0, 0, 0, 0],[1, 0, 0, 1, 0],[0, 0, 0, 0, 0],[0, 0, 0, 1, 0]]];

L_99 := LieAlgebra(Rationals, mat_99);

S_99 := SemiSimpleType(L_99);

PrintTo("*stdout*",S_99);

mat_100 :=[[[0, 1, 2],[0, 0, 0],[0, 0, 0]],[[0, 0, 0],[1, 0, 0],[1, 0, 0]]];

L_100 := LieAlgebra(Rationals, mat_100);

S_100 := SemiSimpleType(L_100);

PrintTo("*stdout*",S_100);

mat_101 :=[[[0, 1, 2],[0, 0, 0],[0, 0, 0]],[[0, 0, 0],[1, 0, 0],[2, 0, 0]]];

L_101 := LieAlgebra(Rationals, mat_101);

S_101 := SemiSimpleType(L_101);

PrintTo("*stdout*",S_101);

mat_102 :=[[[0, 1, 2],[0, 0, 0],[0, 0, 0]],[[0, 0, 0],[2, 0, 0],[1, 0, 0]]];

L_102 := LieAlgebra(Rationals, mat_102);

S_102 := SemiSimpleType(L_102);

PrintTo("*stdout*",S_102);

mat_103 :=[[[0, 1, 2],[0, 0, 0],[0, 0, 0]],[[0, 0, 0],[2, 0, 0],[4, 0, 0]]];

L_103 := LieAlgebra(Rationals, mat_103);

S_103 := SemiSimpleType(L_103);

PrintTo("*stdout*",S_103);

mat_104 :=[[[0, 1, 2],[0, 0, 0],[0, 0, 0]],[[0, 0, 0],[3, 0, 0],[3, 0, 0]]];

L_104 := LieAlgebra(Rationals, mat_104);

S_104 := SemiSimpleType(L_104);

PrintTo("*stdout*",S_104);

mat_105 :=[[[0, 1, 2, 1, 0, 0, 0],[0, 0, 0, 0, 0, 0, 0],[0, 0, 0, 0, 0, 0, 0],[0, 0, 0, 0, 0, 0, 0],[0, 0, 0, 1, 0, 1, 6],[0, 0, 0, 0, 0, 0, 0],[0, 0, 0, 0, 0, 0, 0]],[[0, 0, 0, 0, 0, 0, 0],[8, 0, 0, 0, 0, 0, 0],[1, 0, 0, 0, 0, 0, 0],[2, 0, 0, 0, 10, 0, 0],[0, 0, 0, 0, 0, 0, 0],[0, 0, 0, 0, 10, 0, 0],[0, 0, 0, 0, 1, 0, 0]]];

L_105 := LieAlgebra(Rationals, mat_105);

S_105 := SemiSimpleType(L_105);

PrintTo("*stdout*",S_105);

mat_106 :=[[[0, 1, 3],[0, 0, 0],[0, 0, 0]],[[0, 0, 0],[1, 0, 0],[1, 0, 0]]];

L_106 := LieAlgebra(Rationals, mat_106);

S_106 := SemiSimpleType(L_106);

PrintTo("*stdout*",S_106);

mat_107 :=[[[0, 1, 3],[0, 0, 0],[0, 0, 0]],[[0, 0, 0],[4, 0, 0],[2, 0, 0]]];

L_107 := LieAlgebra(Rationals, mat_107);

S_107 := SemiSimpleType(L_107);

PrintTo("*stdout*",S_107);

mat_108 :=[[[0, 1, 4, 0, 0, 0, 0, 0, 0],[0, 0, 0, 0, 0, 0, 0, 0, 0],[0, 0, 0, 0, 0, 0, 0, 0, 0],[0, 1, 0, 0, 0, 0, 2, 0, 0],[0, 0, 2, 0, 0, 2, 1, 0, 0],[0, 0, 0, 0, 0, 0, 0, 0, 0],[0, 0, 0, 0, 0, 0, 0, 0, 0],[0, 0, 0, 0, 0, 0, 3, 0, 2],[0, 0, 0, 0, 0, 0, 0, 0, 0]],[[0, 0, 0, 0, 0, 0, 0, 0, 0],[2, 0, 0, 2, 0, 0, 0, 0, 0],[1, 0, 0, 0, 2, 0, 0, 0, 0],[0, 0, 0, 0, 0, 0, 0, 0, 0],[0, 0, 0, 0, 0, 0, 0, 0, 0],[0, 0, 0, 0, 1, 0, 0, 0, 0],[0, 0, 0, 2, 4, 0, 0, 1, 0],[0, 0, 0, 0, 0, 0, 0, 0, 0],[0, 0, 0, 0, 0, 0, 0, 1, 0]]];

L_108 := LieAlgebra(Rationals, mat_108);

S_108 := SemiSimpleType(L_108);

PrintTo("*stdout*",S_108);

mat_109 :=[[[0, 1, 4],[0, 0, 0],[0, 0, 0]],[[0, 0, 0],[1, 0, 0],[1, 0, 0]]];

L_109 := LieAlgebra(Rationals, mat_109);

S_109 := SemiSimpleType(L_109);

PrintTo("*stdout*",S_109);

mat_110 :=[[[0, 10, 0, 0, 0],[0, 0, 0, 0, 0],[0, 5, 0, 0, 0],[0, 10, 0, 0, 0],[0, 1, 0, 0, 0]],[[0, 0, 0, 0, 0],[1, 0, 1, 1, 1],[0, 0, 0, 0, 0],[0, 0, 0, 0, 0],[0, 0, 0, 0, 0]]];

L_110 := LieAlgebra(Rationals, mat_110);

S_110 := SemiSimpleType(L_110);

PrintTo("*stdout*",S_110);

mat_111 :=[[[0, 10, 0],[0, 0, 0],[0, 1, 0]],[[0, 0, 0],[2, 0, 6],[0, 0, 0]]];

L_111 := LieAlgebra(Rationals, mat_111);

S_111 := SemiSimpleType(L_111);

PrintTo("*stdout*",S_111);

mat_112 :=[[[0, 15, 0],[0, 0, 0],[0, 1, 0]],[[0, 0, 0],[1, 0, 1],[0, 0, 0]]];

L_112 := LieAlgebra(Rationals, mat_112);

S_112 := SemiSimpleType(L_112);

PrintTo("*stdout*",S_112);

mat_113 :=[[[0, 16, 0],[0, 0, 0],[0, 4, 0]],[[0, 0, 0],[1, 0, 1],[0, 0, 0]]];

L_113 := LieAlgebra(Rationals, mat_113);

S_113 := SemiSimpleType(L_113);

PrintTo("*stdout*",S_113);

mat_114 :=[[[0, 2, 0, 0, 0, 0, 0, 0, 0, 0, 0, 0],[0, 0, 0, 0, 0, 0, 0, 0, 0, 0, 0, 0],[0, 2, 0, 4, 0, 0, 0, 0, 0, 0, 0, 0],[0, 0, 0, 0, 0, 0, 0, 0, 0, 0, 0, 0],[0, 0, 0, 1, 0, 0, 0, 0, 0, 0, 0, 0],[0, 0, 0, 1, 0, 0, 0, 0, 0, 6, 0, 0],[0, 0, 0, 4, 0, 0, 0, 0, 0, 0, 0, 0],[0, 0, 0, 1, 0, 0, 0, 0, 2, 0, 0, 0],[0, 0, 0, 0, 0, 0, 0, 0, 0, 0, 0, 0],[0, 0, 0, 0, 0, 0, 0, 0, 0, 0, 0, 0],[0, 0, 0, 0, 0, 0, 0, 0, 4, 0, 0, 0],[0, 0, 0, 0, 0, 0, 0, 0, 1, 15, 0, 0]],[[0, 0, 0, 0, 0, 0, 0, 0, 0, 0, 0, 0],[1, 0, 1, 0, 0, 0, 0, 0, 0, 0, 0, 0],[0, 0, 0, 0, 0, 0, 0, 0, 0, 0, 0, 0],[0, 0, 1, 0, 2, 5, 1, 1, 0, 0, 0, 0],[0, 0, 0, 0, 0, 0, 0, 0, 0, 0, 0, 0],[0, 0, 0, 0, 0, 0, 0, 0, 0, 0, 0, 0],[0, 0, 0, 0, 0, 0, 0, 0, 0, 0, 0, 0],[0, 0, 0, 0, 0, 0, 0, 0, 0, 0, 0, 0],[0, 0, 0, 0, 0, 0, 0, 1, 0, 0, 1, 1],[0, 0, 0, 0, 0, 1, 0, 0, 0, 0, 0, 1],[0, 0, 0, 0, 0, 0, 0, 0, 0, 0, 0, 0],[0, 0, 0, 0, 0, 0, 0, 0, 0, 0, 0, 0]]];

L_114 := LieAlgebra(Rationals, mat_114);

S_114 := SemiSimpleType(L_114);

PrintTo("*stdout*",S_114);

mat_115 :=[[[0, 2, 0, 0, 0, 0, 0, 0, 0, 0, 0],[0, 0, 0, 0, 0, 0, 0, 0, 0, 0, 0],[0, 1, 0, 0, 0, 0, 0, 0, 0, 0, 0],[0, 1, 0, 0, 5, 0, 0, 0, 0, 0, 0],[0, 0, 0, 0, 0, 0, 0, 0, 0, 0, 0],[0, 0, 0, 0, 5, 0, 0, 1, 0, 0, 0],[0, 0, 0, 0, 1, 0, 0, 1, 0, 0, 0],[0, 0, 0, 0, 0, 0, 0, 0, 0, 0, 0],[0, 0, 0, 0, 0, 0, 0, 4, 0, 0, 4],[0, 0, 0, 0, 0, 0, 0, 1, 0, 0, 0],[0, 0, 0, 0, 0, 0, 0, 0, 0, 0, 0]],[[0, 0, 0, 0, 0, 0, 0, 0, 0, 0, 0],[2, 0, 1, 4, 0, 0, 0, 0, 0, 0, 0],[0, 0, 0, 0, 0, 0, 0, 0, 0, 0, 0],[0, 0, 0, 0, 0, 0, 0, 0, 0, 0, 0],[0, 0, 0, 2, 0, 1, 1, 0, 0, 0, 0],[0, 0, 0, 0, 0, 0, 0, 0, 0, 0, 0],[0, 0, 0, 0, 0, 0, 0, 0, 0, 0, 0],[0, 0, 0, 0, 0, 1, 5, 0, 1, 2, 0],[0, 0, 0, 0, 0, 0, 0, 0, 0, 0, 0],[0, 0, 0, 0, 0, 0, 0, 0, 0, 0, 0],[0, 0, 0, 0, 0, 0, 0, 0, 1, 0, 0]]];

L_115 := LieAlgebra(Rationals, mat_115);

S_115 := SemiSimpleType(L_115);

PrintTo("*stdout*",S_115);

mat_116 :=[[[0, 2, 0, 0, 0, 0, 0, 0, 0],[0, 0, 0, 0, 0, 0, 0, 0, 0],[0, 1, 0, 0, 0, 0, 0, 0, 0],[0, 1, 0, 0, 0, 2, 0, 0, 0],[0, 2, 0, 0, 0, 0, 0, 0, 0],[0, 0, 0, 0, 0, 0, 0, 0, 0],[0, 0, 0, 0, 0, 2, 0, 0, 0],[0, 0, 0, 0, 0, 1, 0, 0, 0],[0, 0, 0, 0, 0, 2, 0, 0, 0]],[[0, 0, 0, 0, 0, 0, 0, 0, 0],[1, 0, 2, 1, 1, 0, 0, 0, 0],[0, 0, 0, 0, 0, 0, 0, 0, 0],[0, 0, 0, 0, 0, 0, 0, 0, 0],[0, 0, 0, 0, 0, 0, 0, 0, 0],[0, 0, 0, 1, 0, 0, 1, 1, 1],[0, 0, 0, 0, 0, 0, 0, 0, 0],[0, 0, 0, 0, 0, 0, 0, 0, 0],[0, 0, 0, 0, 0, 0, 0, 0, 0]]];

L_116 := LieAlgebra(Rationals, mat_116);

S_116 := SemiSimpleType(L_116);

PrintTo("*stdout*",S_116);

mat_117 :=[[[0, 2, 0, 0, 0, 0, 0, 0],[0, 0, 0, 0, 0, 0, 0, 0],[0, 1, 0, 0, 2, 0, 0, 0],[0, 3, 0, 0, 0, 0, 0, 0],[0, 0, 0, 0, 0, 0, 0, 0],[0, 0, 0, 0, 1, 0, 0, 2],[0, 0, 0, 0, 3, 0, 0, 0],[0, 0, 0, 0, 0, 0, 0, 0]],[[0, 0, 0, 0, 0, 0, 0, 0],[2, 0, 1, 1, 0, 0, 0, 0],[0, 0, 0, 0, 0, 0, 0, 0],[0, 0, 0, 0, 0, 0, 0, 0],[0, 0, 2, 0, 0, 1, 1, 0],[0, 0, 0, 0, 0, 0, 0, 0],[0, 0, 0, 0, 0, 0, 0, 0],[0, 0, 0, 0, 0, 1, 0, 0]]];

L_117 := LieAlgebra(Rationals, mat_117);

S_117 := SemiSimpleType(L_117);

PrintTo("*stdout*",S_117);

mat_118 :=[[[0, 2, 0, 0, 0, 0],[0, 0, 0, 0, 0, 0],[0, 2, 0, 0, 0, 0],[0, 1, 0, 0, 0, 0],[0, 1, 0, 0, 0, 0],[0, 1, 0, 0, 0, 0]],[[0, 0, 0, 0, 0, 0],[1, 0, 1, 1, 1, 1],[0, 0, 0, 0, 0, 0],[0, 0, 0, 0, 0, 0],[0, 0, 0, 0, 0, 0],[0, 0, 0, 0, 0, 0]]];

L_118 := LieAlgebra(Rationals, mat_118);

S_118 := SemiSimpleType(L_118);

PrintTo("*stdout*",S_118);

mat_119 :=[[[0, 2, 0, 0, 0, 0],[0, 0, 0, 0, 0, 0],[0, 2, 0, 0, 0, 0],[0, 3, 0, 0, 0, 0],[0, 3, 0, 0, 0, 0],[0, 1, 0, 0, 0, 0]],[[0, 0, 0, 0, 0, 0],[2, 0, 1, 1, 1, 1],[0, 0, 0, 0, 0, 0],[0, 0, 0, 0, 0, 0],[0, 0, 0, 0, 0, 0],[0, 0, 0, 0, 0, 0]]];

L_119 := LieAlgebra(Rationals, mat_119);

S_119 := SemiSimpleType(L_119);

PrintTo("*stdout*",S_119);

mat_120 :=[[[0, 2, 0, 0, 0],[0, 0, 0, 0, 0],[0, 2, 0, 0, 0],[0, 1, 0, 0, 0],[0, 2, 0, 0, 0]],[[0, 0, 0, 0, 0],[2, 0, 1, 1, 1],[0, 0, 0, 0, 0],[0, 0, 0, 0, 0],[0, 0, 0, 0, 0]]];

L_120 := LieAlgebra(Rationals, mat_120);

S_120 := SemiSimpleType(L_120);

PrintTo("*stdout*",S_120);

mat_121 :=[[[0, 2, 0, 0],[0, 0, 0, 0],[0, 1, 0, 0],[0, 2, 0, 0]],[[0, 0, 0, 0],[1, 0, 1, 1],[0, 0, 0, 0],[0, 0, 0, 0]]];

L_121 := LieAlgebra(Rationals, mat_121);

S_121 := SemiSimpleType(L_121);

PrintTo("*stdout*",S_121);

mat_122 :=[[[0, 2, 0, 0],[0, 0, 0, 0],[0, 2, 0, 0],[0, 2, 0, 0]],[[0, 0, 0, 0],[1, 0, 1, 1],[0, 0, 0, 0],[0, 0, 0, 0]]];

L_122 := LieAlgebra(Rationals, mat_122);

S_122 := SemiSimpleType(L_122);

PrintTo("*stdout*",S_122);

mat_123 :=[[[0, 2, 0, 0],[0, 0, 0, 0],[0, 2, 0, 0],[0, 4, 0, 0]],[[0, 0, 0, 0],[1, 0, 1, 1],[0, 0, 0, 0],[0, 0, 0, 0]]];

L_123 := LieAlgebra(Rationals, mat_123);

S_123 := SemiSimpleType(L_123);

PrintTo("*stdout*",S_123);

mat_124 :=[[[0, 2, 0, 0],[0, 0, 0, 0],[0, 1, 0, 0],[0, 3, 0, 0]],[[0, 0, 0, 0],[2, 0, 1, 1],[0, 0, 0, 0],[0, 0, 0, 0]]];

L_124 := LieAlgebra(Rationals, mat_124);

S_124 := SemiSimpleType(L_124);

PrintTo("*stdout*",S_124);

mat_125 :=[[[0, 2, 0],[0, 0, 0],[0, 1, 0]],[[0, 0, 0],[1, 0, 1],[0, 0, 0]]];

L_125 := LieAlgebra(Rationals, mat_125);

S_125 := SemiSimpleType(L_125);

PrintTo("*stdout*",S_125);

mat_126 :=[[[0, 2, 0],[0, 0, 0],[0, 2, 0]],[[0, 0, 0],[1, 0, 1],[0, 0, 0]]];

L_126 := LieAlgebra(Rationals, mat_126);

S_126 := SemiSimpleType(L_126);

PrintTo("*stdout*",S_126);

mat_127 :=[[[0, 2, 0],[0, 0, 0],[0, 1, 0]],[[0, 0, 0],[1, 0, 2],[0, 0, 0]]];

L_127 := LieAlgebra(Rationals, mat_127);

S_127 := SemiSimpleType(L_127);

PrintTo("*stdout*",S_127);

mat_128 :=[[[0, 2, 0],[0, 0, 0],[0, 1, 0]],[[0, 0, 0],[2, 0, 1],[0, 0, 0]]];

L_128 := LieAlgebra(Rationals, mat_128);

S_128 := SemiSimpleType(L_128);

PrintTo("*stdout*",S_128);

mat_129 :=[[[0, 2, 0],[0, 0, 0],[0, 4, 0]],[[0, 0, 0],[3, 0, 1],[0, 0, 0]]];

L_129 := LieAlgebra(Rationals, mat_129);

S_129 := SemiSimpleType(L_129);

PrintTo("*stdout*",S_129);

mat_130 :=[[[0, 2],[0, 0]],[[0, 0],[1, 0]]];

L_130 := LieAlgebra(Rationals, mat_130);

S_130 := SemiSimpleType(L_130);

PrintTo("*stdout*",S_130);

mat_131 :=[[[0, 2],[0, 0]],[[0, 0],[2, 0]]];

L_131 := LieAlgebra(Rationals, mat_131);

S_131 := SemiSimpleType(L_131);

PrintTo("*stdout*",S_131);

mat_132 :=[[[0, 2, 1, 0, 0, 0, 0, 0, 0, 0, 0, 0, 0, 0, 0],[0, 0, 0, 0, 0, 0, 0, 0, 0, 0, 0, 0, 0, 0, 0],[0, 0, 0, 0, 0, 0, 0, 0, 0, 0, 0, 0, 0, 0, 0],[0, 0, 1, 0, 0, 0, 1, 2, 0, 0, 0, 0, 0, 0, 0],[0, 0, 4, 0, 0, 1, 0, 0, 0, 0, 0, 0, 0, 0, 0],[0, 0, 0, 0, 0, 0, 0, 0, 0, 0, 0, 0, 0, 0, 0],[0, 0, 0, 0, 0, 0, 0, 0, 0, 0, 0, 0, 0, 0, 0],[0, 0, 0, 0, 0, 0, 0, 0, 0, 0, 0, 0, 0, 0, 0],[0, 0, 0, 0, 0, 1, 2, 0, 0, 0, 0, 0, 0, 1, 0],[0, 0, 0, 0, 0, 0, 3, 0, 0, 0, 0, 0, 2, 0, 0],[0, 0, 0, 0, 0, 0, 0, 4, 0, 0, 0, 1, 0, 0, 0],[0, 0, 0, 0, 0, 0, 0, 0, 0, 0, 0, 0, 0, 0, 0],[0, 0, 0, 0, 0, 0, 0, 0, 0, 0, 0, 0, 0, 0, 0],[0, 0, 0, 0, 0, 0, 0, 0, 0, 0, 0, 0, 0, 0, 0],[0, 0, 0, 0, 0, 0, 0, 0, 0, 0, 0, 0, 0, 1, 0]],[[0, 0, 0, 0, 0, 0, 0, 0, 0, 0, 0, 0, 0, 0, 0],[1, 0, 0, 0, 0, 0, 0, 0, 0, 0, 0, 0, 0, 0, 0],[2, 0, 0, 2, 1, 0, 0, 0, 0, 0, 0, 0, 0, 0, 0],[0, 0, 0, 0, 0, 0, 0, 0, 0, 0, 0, 0, 0, 0, 0],[0, 0, 0, 0, 0, 0, 0, 0, 0, 0, 0, 0, 0, 0, 0],[0, 0, 0, 0, 1, 0, 0, 0, 1, 0, 0, 0, 0, 0, 0],[0, 0, 0, 4, 0, 0, 0, 0, 1, 1, 0, 0, 0, 0, 0],[0, 0, 0, 1, 0, 0, 0, 0, 0, 0, 1, 0, 0, 0, 0],[0, 0, 0, 0, 0, 0, 0, 0, 0, 0, 0, 0, 0, 0, 0],[0, 0, 0, 0, 0, 0, 0, 0, 0, 0, 0, 0, 0, 0, 0],[0, 0, 0, 0, 0, 0, 0, 0, 0, 0, 0, 0, 0, 0, 0],[0, 0, 0, 0, 0, 0, 0, 0, 0, 0, 1, 0, 0, 0, 0],[0, 0, 0, 0, 0, 0, 0, 0, 0, 1, 0, 0, 0, 0, 0],[0, 0, 0, 0, 0, 0, 0, 0, 1, 0, 0, 0, 0, 0, 2],[0, 0, 0, 0, 0, 0, 0, 0, 0, 0, 0, 0, 0, 0, 0]]];

L_132 := LieAlgebra(Rationals, mat_132);

S_132 := SemiSimpleType(L_132);

PrintTo("*stdout*",S_132);

mat_133 :=[[[0, 2, 3, 0, 0, 0, 0, 0, 0, 0, 0, 0, 0, 0, 0, 0, 0],[0, 0, 0, 0, 0, 0, 0, 0, 0, 0, 0, 0, 0, 0, 0, 0, 0],[0, 0, 0, 0, 0, 0, 0, 0, 0, 0, 0, 0, 0, 0, 0, 0, 0],[0, 0, 2, 0, 0, 1, 0, 0, 0, 0, 0, 0, 0, 0, 0, 0, 0],[0, 0, 1, 0, 0, 0, 1, 0, 0, 0, 0, 0, 0, 0, 0, 0, 0],[0, 0, 0, 0, 0, 0, 0, 0, 0, 0, 0, 0, 0, 0, 0, 0, 0],[0, 0, 0, 0, 0, 0, 0, 0, 0, 0, 0, 0, 0, 0, 0, 0, 0],[0, 0, 0, 0, 0, 1, 0, 0, 0, 0, 0, 0, 0, 0, 0, 0, 0],[0, 0, 0, 0, 0, 1, 4, 0, 0, 0, 0, 0, 0, 0, 0, 0, 0],[0, 0, 0, 0, 0, 0, 1, 0, 0, 0, 0, 1, 0, 10, 0, 0, 0],[0, 0, 0, 0, 0, 0, 1, 0, 0, 0, 0, 0, 2, 0, 0, 0, 0],[0, 0, 0, 0, 0, 0, 0, 0, 0, 0, 0, 0, 0, 0, 0, 0, 0],[0, 0, 0, 0, 0, 0, 0, 0, 0, 0, 0, 0, 0, 0, 0, 0, 0],[0, 0, 0, 0, 0, 0, 0, 0, 0, 0, 0, 0, 0, 0, 0, 0, 0],[0, 0, 0, 0, 0, 0, 0, 0, 0, 0, 0, 1, 0, 0, 0, 0, 0],[0, 0, 0, 0, 0, 0, 0, 0, 0, 0, 0, 1, 0, 0, 0, 0, 0],[0, 0, 0, 0, 0, 0, 0, 0, 0, 0, 0, 0, 1, 1, 0, 0, 0]],[[0, 0, 0, 0, 0, 0, 0, 0, 0, 0, 0, 0, 0, 0, 0, 0, 0],[1, 0, 0, 0, 0, 0, 0, 0, 0, 0, 0, 0, 0, 0, 0, 0, 0],[1, 0, 0, 1, 4, 0, 0, 0, 0, 0, 0, 0, 0, 0, 0, 0, 0],[0, 0, 0, 0, 0, 0, 0, 0, 0, 0, 0, 0, 0, 0, 0, 0, 0],[0, 0, 0, 0, 0, 0, 0, 0, 0, 0, 0, 0, 0, 0, 0, 0, 0],[0, 0, 0, 1, 0, 0, 0, 2, 1, 0, 0, 0, 0, 0, 0, 0, 0],[0, 0, 0, 0, 2, 0, 0, 0, 1, 1, 1, 0, 0, 0, 0, 0, 0],[0, 0, 0, 0, 0, 0, 0, 0, 0, 0, 0, 0, 0, 0, 0, 0, 0],[0, 0, 0, 0, 0, 0, 0, 0, 0, 0, 0, 0, 0, 0, 0, 0, 0],[0, 0, 0, 0, 0, 0, 0, 0, 0, 0, 0, 0, 0, 0, 0, 0, 0],[0, 0, 0, 0, 0, 0, 0, 0, 0, 0, 0, 0, 0, 0, 0, 0, 0],[0, 0, 0, 0, 0, 0, 0, 0, 0, 4, 0, 0, 0, 0, 1, 2, 0],[0, 0, 0, 0, 0, 0, 0, 0, 0, 0, 1, 0, 0, 0, 0, 0, 5],[0, 0, 0, 0, 0, 0, 0, 0, 0, 1, 0, 0, 0, 0, 0, 0, 1],[0, 0, 0, 0, 0, 0, 0, 0, 0, 0, 0, 0, 0, 0, 0, 0, 0],[0, 0, 0, 0, 0, 0, 0, 0, 0, 0, 0, 0, 0, 0, 0, 0, 0],[0, 0, 0, 0, 0, 0, 0, 0, 0, 0, 0, 0, 0, 0, 0, 0, 0]]];

L_133 := LieAlgebra(Rationals, mat_133);

S_133 := SemiSimpleType(L_133);

PrintTo("*stdout*",S_133);

mat_134 :=[[[0, 2, 6],[0, 0, 0],[0, 0, 0]],[[0, 0, 0],[10, 0, 0],[1, 0, 0]]];

L_134 := LieAlgebra(Rationals, mat_134);

S_134 := SemiSimpleType(L_134);

PrintTo("*stdout*",S_134);

mat_135 :=[[[0, 3, 0, 0, 0, 0, 0, 0, 0, 0, 0, 0],[0, 0, 0, 0, 0, 0, 0, 0, 0, 0, 0, 0],[0, 1, 0, 0, 0, 0, 0, 0, 0, 0, 0, 0],[0, 2, 0, 0, 1, 0, 0, 0, 0, 0, 0, 0],[0, 0, 0, 0, 0, 0, 0, 0, 0, 0, 0, 0],[0, 0, 0, 0, 1, 0, 0, 0, 0, 0, 0, 0],[0, 0, 0, 0, 3, 0, 0, 0, 0, 0, 0, 0],[0, 0, 0, 0, 1, 0, 0, 0, 0, 1, 0, 0],[0, 0, 0, 0, 1, 0, 0, 0, 0, 0, 0, 0],[0, 0, 0, 0, 0, 0, 0, 0, 0, 0, 0, 0],[0, 0, 0, 0, 0, 0, 0, 0, 0, 1, 0, 0],[0, 0, 0, 0, 0, 0, 0, 0, 0, 1, 0, 0]],[[0, 0, 0, 0, 0, 0, 0, 0, 0, 0, 0, 0],[1, 0, 1, 1, 0, 0, 0, 0, 0, 0, 0, 0],[0, 0, 0, 0, 0, 0, 0, 0, 0, 0, 0, 0],[0, 0, 0, 0, 0, 0, 0, 0, 0, 0, 0, 0],[0, 0, 0, 1, 0, 2, 1, 1, 1, 0, 0, 0],[0, 0, 0, 0, 0, 0, 0, 0, 0, 0, 0, 0],[0, 0, 0, 0, 0, 0, 0, 0, 0, 0, 0, 0],[0, 0, 0, 0, 0, 0, 0, 0, 0, 0, 0, 0],[0, 0, 0, 0, 0, 0, 0, 0, 0, 0, 0, 0],[0, 0, 0, 0, 0, 0, 0, 1, 0, 0, 1, 1],[0, 0, 0, 0, 0, 0, 0, 0, 0, 0, 0, 0],[0, 0, 0, 0, 0, 0, 0, 0, 0, 0, 0, 0]]];

L_135 := LieAlgebra(Rationals, mat_135);

S_135 := SemiSimpleType(L_135);

PrintTo("*stdout*",S_135);

mat_136 :=[[[0, 3, 0, 0, 0, 0, 0, 0, 0],[0, 0, 0, 0, 0, 0, 0, 0, 0],[0, 1, 0, 0, 0, 0, 0, 0, 0],[0, 1, 0, 0, 0, 0, 0, 0, 0],[0, 1, 0, 0, 0, 0, 4, 0, 0],[0, 1, 0, 0, 0, 0, 0, 0, 0],[0, 0, 0, 0, 0, 0, 0, 0, 0],[0, 0, 0, 0, 0, 0, 6, 0, 0],[0, 0, 0, 0, 0, 0, 1, 0, 0]],[[0, 0, 0, 0, 0, 0, 0, 0, 0],[1, 0, 1, 2, 1, 1, 0, 0, 0],[0, 0, 0, 0, 0, 0, 0, 0, 0],[0, 0, 0, 0, 0, 0, 0, 0, 0],[0, 0, 0, 0, 0, 0, 0, 0, 0],[0, 0, 0, 0, 0, 0, 0, 0, 0],[0, 0, 0, 0, 1, 0, 0, 1, 1],[0, 0, 0, 0, 0, 0, 0, 0, 0],[0, 0, 0, 0, 0, 0, 0, 0, 0]]];

L_136 := LieAlgebra(Rationals, mat_136);

S_136 := SemiSimpleType(L_136);

PrintTo("*stdout*",S_136);

mat_137 :=[[[0, 3, 0, 0, 0, 0, 0],[0, 0, 0, 0, 0, 0, 0],[0, 3, 0, 0, 0, 0, 0],[0, 1, 0, 0, 0, 0, 0],[0, 2, 0, 0, 0, 0, 0],[0, 2, 0, 0, 0, 0, 0],[0, 1, 0, 0, 0, 0, 0]],[[0, 0, 0, 0, 0, 0, 0],[1, 0, 1, 1, 1, 1, 1],[0, 0, 0, 0, 0, 0, 0],[0, 0, 0, 0, 0, 0, 0],[0, 0, 0, 0, 0, 0, 0],[0, 0, 0, 0, 0, 0, 0],[0, 0, 0, 0, 0, 0, 0]]];

L_137 := LieAlgebra(Rationals, mat_137);

S_137 := SemiSimpleType(L_137);

PrintTo("*stdout*",S_137);

mat_138 :=[[[0, 3, 0, 0, 0, 0],[0, 0, 0, 0, 0, 0],[0, 1, 0, 0, 0, 0],[0, 1, 0, 0, 0, 0],[0, 1, 0, 0, 0, 0],[0, 2, 0, 0, 0, 0]],[[0, 0, 0, 0, 0, 0],[1, 0, 1, 1, 1, 1],[0, 0, 0, 0, 0, 0],[0, 0, 0, 0, 0, 0],[0, 0, 0, 0, 0, 0],[0, 0, 0, 0, 0, 0]]];

L_138 := LieAlgebra(Rationals, mat_138);

S_138 := SemiSimpleType(L_138);

PrintTo("*stdout*",S_138);

mat_139 :=[[[0, 3, 0, 0, 0, 0],[0, 0, 0, 0, 0, 0],[0, 1, 0, 0, 0, 0],[0, 2, 0, 0, 0, 0],[0, 2, 0, 0, 0, 0],[0, 1, 0, 0, 0, 0]],[[0, 0, 0, 0, 0, 0],[1, 0, 1, 1, 1, 1],[0, 0, 0, 0, 0, 0],[0, 0, 0, 0, 0, 0],[0, 0, 0, 0, 0, 0],[0, 0, 0, 0, 0, 0]]];

L_139 := LieAlgebra(Rationals, mat_139);

S_139 := SemiSimpleType(L_139);

PrintTo("*stdout*",S_139);

mat_140 :=[[[0, 3, 0, 0, 0],[0, 0, 0, 0, 0],[0, 1, 0, 0, 0],[0, 1, 0, 0, 0],[0, 2, 0, 0, 0]],[[0, 0, 0, 0, 0],[1, 0, 1, 1, 1],[0, 0, 0, 0, 0],[0, 0, 0, 0, 0],[0, 0, 0, 0, 0]]];

L_140 := LieAlgebra(Rationals, mat_140);

S_140 := SemiSimpleType(L_140);

PrintTo("*stdout*",S_140);

mat_141 :=[[[0, 3, 0, 0, 0],[0, 0, 0, 0, 0],[0, 2, 0, 0, 0],[0, 2, 0, 0, 0],[0, 1, 0, 0, 0]],[[0, 0, 0, 0, 0],[1, 0, 1, 1, 1],[0, 0, 0, 0, 0],[0, 0, 0, 0, 0],[0, 0, 0, 0, 0]]];

L_141 := LieAlgebra(Rationals, mat_141);

S_141 := SemiSimpleType(L_141);

PrintTo("*stdout*",S_141);

mat_142 :=[[[0, 3, 0, 0],[0, 0, 0, 0],[0, 1, 0, 0],[0, 3, 0, 0]],[[0, 0, 0, 0],[1, 0, 1, 1],[0, 0, 0, 0],[0, 0, 0, 0]]];

L_142 := LieAlgebra(Rationals, mat_142);

S_142 := SemiSimpleType(L_142);

PrintTo("*stdout*",S_142);

mat_143 :=[[[0, 3, 0, 0],[0, 0, 0, 0],[0, 2, 0, 0],[0, 1, 0, 0]],[[0, 0, 0, 0],[1, 0, 2, 1],[0, 0, 0, 0],[0, 0, 0, 0]]];

L_143 := LieAlgebra(Rationals, mat_143);

S_143 := SemiSimpleType(L_143);

PrintTo("*stdout*",S_143);

mat_144 :=[[[0, 3, 0, 0],[0, 0, 0, 0],[0, 12, 0, 0],[0, 6, 0, 0]],[[0, 0, 0, 0],[2, 0, 1, 1],[0, 0, 0, 0],[0, 0, 0, 0]]];

L_144 := LieAlgebra(Rationals, mat_144);

S_144 := SemiSimpleType(L_144);

PrintTo("*stdout*",S_144);

mat_145 :=[[[0, 3, 0],[0, 0, 0],[0, 1, 0]],[[0, 0, 0],[1, 0, 1],[0, 0, 0]]];

L_145 := LieAlgebra(Rationals, mat_145);

S_145 := SemiSimpleType(L_145);

PrintTo("*stdout*",S_145);

mat_146 :=[[[0, 3, 0],[0, 0, 0],[0, 3, 0]],[[0, 0, 0],[2, 0, 1],[0, 0, 0]]];

L_146 := LieAlgebra(Rationals, mat_146);

S_146 := SemiSimpleType(L_146);

PrintTo("*stdout*",S_146);

mat_147 :=[[[0, 3],[0, 0]],[[0, 0],[1, 0]]];

L_147 := LieAlgebra(Rationals, mat_147);

S_147 := SemiSimpleType(L_147);

PrintTo("*stdout*",S_147);

mat_148 :=[[[0, 30, 0],[0, 0, 0],[0, 6, 0]],[[0, 0, 0],[1, 0, 1],[0, 0, 0]]];

L_148 := LieAlgebra(Rationals, mat_148);

S_148 := SemiSimpleType(L_148);

PrintTo("*stdout*",S_148);

mat_149 :=[[[0, 4, 0, 0, 0],[0, 0, 0, 0, 0],[0, 2, 0, 0, 0],[0, 1, 0, 0, 21],[0, 0, 0, 0, 0]],[[0, 0, 0, 0, 0],[1, 0, 2, 5, 0],[0, 0, 0, 0, 0],[0, 0, 0, 0, 0],[0, 0, 0, 1, 0]]];

L_149 := LieAlgebra(Rationals, mat_149);

S_149 := SemiSimpleType(L_149);

PrintTo("*stdout*",S_149);

mat_150 :=[[[0, 4, 0, 0],[0, 0, 0, 0],[0, 2, 0, 0],[0, 2, 0, 0]],[[0, 0, 0, 0],[1, 0, 1, 1],[0, 0, 0, 0],[0, 0, 0, 0]]];

L_150 := LieAlgebra(Rationals, mat_150);

S_150 := SemiSimpleType(L_150);

PrintTo("*stdout*",S_150);

mat_151 :=[[[0, 4, 0, 0],[0, 0, 0, 0],[0, 6, 0, 0],[0, 1, 0, 0]],[[0, 0, 0, 0],[1, 0, 1, 1],[0, 0, 0, 0],[0, 0, 0, 0]]];

L_151 := LieAlgebra(Rationals, mat_151);

S_151 := SemiSimpleType(L_151);

PrintTo("*stdout*",S_151);

mat_152 :=[[[0, 4, 0],[0, 0, 0],[0, 2, 0]],[[0, 0, 0],[1, 0, 1],[0, 0, 0]]];

L_152 := LieAlgebra(Rationals, mat_152);

S_152 := SemiSimpleType(L_152);

PrintTo("*stdout*",S_152);

mat_153 :=[[[0, 4, 0],[0, 0, 0],[0, 2, 0]],[[0, 0, 0],[2, 0, 1],[0, 0, 0]]];

L_153 := LieAlgebra(Rationals, mat_153);

S_153 := SemiSimpleType(L_153);

PrintTo("*stdout*",S_153);

mat_154 :=[[[0, 4],[0, 0]],[[0, 0],[1, 0]]];

L_154 := LieAlgebra(Rationals, mat_154);

S_154 := SemiSimpleType(L_154);

PrintTo("*stdout*",S_154);

mat_155 :=[[[0, 5],[0, 0]],[[0, 0],[1, 0]]];

L_155 := LieAlgebra(Rationals, mat_155);

S_155 := SemiSimpleType(L_155);

PrintTo("*stdout*",S_155);

mat_156 :=[[[0, 56],[0, 0]],[[0, 0],[1, 0]]];

L_156 := LieAlgebra(Rationals, mat_156);

S_156 := SemiSimpleType(L_156);

PrintTo("*stdout*",S_156);

mat_157 :=[[[0, 6, 0, 0, 0],[0, 0, 0, 0, 0],[0, 12, 0, 0, 0],[0, 1, 0, 0, 0],[0, 3, 0, 0, 0]],[[0, 0, 0, 0, 0],[1, 0, 1, 1, 1],[0, 0, 0, 0, 0],[0, 0, 0, 0, 0],[0, 0, 0, 0, 0]]];

L_157 := LieAlgebra(Rationals, mat_157);

S_157 := SemiSimpleType(L_157);

PrintTo("*stdout*",S_157);

mat_158 :=[[[0, 6, 0, 0, 0],[0, 0, 0, 0, 0],[0, 2, 0, 0, 0],[0, 4, 0, 0, 0],[0, 1, 0, 0, 0]],[[0, 0, 0, 0, 0],[1, 0, 1, 1, 1],[0, 0, 0, 0, 0],[0, 0, 0, 0, 0],[0, 0, 0, 0, 0]]];

L_158 := LieAlgebra(Rationals, mat_158);

S_158 := SemiSimpleType(L_158);

PrintTo("*stdout*",S_158);

mat_159 :=[[[0, 6, 0, 0],[0, 0, 0, 0],[0, 4, 0, 0],[0, 1, 0, 0]],[[0, 0, 0, 0],[1, 0, 1, 1],[0, 0, 0, 0],[0, 0, 0, 0]]];

L_159 := LieAlgebra(Rationals, mat_159);

S_159 := SemiSimpleType(L_159);

PrintTo("*stdout*",S_159);

mat_160 :=[[[0, 6],[0, 0]],[[0, 0],[1, 0]]];

L_160 := LieAlgebra(Rationals, mat_160);

S_160 := SemiSimpleType(L_160);

PrintTo("*stdout*",S_160);

mat_161 :=[[[0, 8, 0, 0, 0],[0, 0, 0, 0, 0],[0, 1, 0, 0, 0],[0, 2, 0, 0, 0],[0, 1, 0, 0, 0]],[[0, 0, 0, 0, 0],[1, 0, 1, 1, 1],[0, 0, 0, 0, 0],[0, 0, 0, 0, 0],[0, 0, 0, 0, 0]]];

L_161 := LieAlgebra(Rationals, mat_161);

S_161 := SemiSimpleType(L_161);

PrintTo("*stdout*",S_161);

mat_162 :=[[[0, 8, 0, 0, 0],[0, 0, 0, 0, 0],[0, 4, 0, 0, 0],[0, 2, 0, 0, 0],[0, 2, 0, 0, 0]],[[0, 0, 0, 0, 0],[1, 0, 1, 1, 1],[0, 0, 0, 0, 0],[0, 0, 0, 0, 0],[0, 0, 0, 0, 0]]];

L_162 := LieAlgebra(Rationals, mat_162);

S_162 := SemiSimpleType(L_162);

PrintTo("*stdout*",S_162);

mat_163 :=[[[0, 8, 0],[0, 0, 0],[0, 4, 0]],[[0, 0, 0],[1, 0, 1],[0, 0, 0]]];

L_163 := LieAlgebra(Rationals, mat_163);

S_163 := SemiSimpleType(L_163);

PrintTo("*stdout*",S_163);

mat_164 :=[[[0, 8],[0, 0]],[[0, 0],[1, 0]]];

L_164 := LieAlgebra(Rationals, mat_164);

S_164 := SemiSimpleType(L_164);

PrintTo("*stdout*",S_164);

