mat_1 :=[[[0, 0, 38, 22, 0, 0, 0, 0],[0, 0, 60, 0, 14, 0, 0, 0],[0, 0, 0, 0, 0, 0, 40, 0],[0, 0, 0, 0, 0, 37, 0, 0],[0, 0, 0, 0, 0, 24, 9, 2],[0, 0, 0, 0, 0, 0, 0, 0],[0, 0, 0, 0, 0, 0, 0, 0],[0, 0, 0, 0, 0, 0, 0, 0]],[[0, 0, 0, 0, 0, 0, 0, 0],[0, 0, 0, 0, 0, 0, 0, 0],[26, 44, 0, 0, 0, 0, 0, 0],[12, 0, 0, 0, 0, 0, 0, 0],[0, 23, 0, 0, 0, 0, 0, 0],[0, 0, 0, 45, 35, 0, 0, 0],[0, 0, 51, 0, 11, 0, 0, 0],[0, 0, 0, 0, 58, 0, 0, 0]]];

L_1 := LieAlgebra(Rationals, mat_1);

S_1 := SemiSimpleType(L_1);

PrintTo("*stdout*",S_1,"\n");

mat_2 :=[[[0, 0, 16, 56, 0, 0, 0, 0],[0, 0, 14, 0, 23, 0, 0, 0],[0, 0, 0, 0, 0, 0, 6, 0],[0, 0, 0, 0, 0, 39, 0, 0],[0, 0, 0, 0, 0, 11, 3, 44],[0, 0, 0, 0, 0, 0, 0, 0],[0, 0, 0, 0, 0, 0, 0, 0],[0, 0, 0, 0, 0, 0, 0, 0]],[[0, 0, 0, 0, 0, 0, 0, 0],[0, 0, 0, 0, 0, 0, 0, 0],[21, 24, 0, 0, 0, 0, 0, 0],[40, 0, 0, 0, 0, 0, 0, 0],[0, 38, 0, 0, 0, 0, 0, 0],[0, 0, 0, 55, 49, 0, 0, 0],[0, 0, 2, 0, 45, 0, 0, 0],[0, 0, 0, 0, 49, 0, 0, 0]]];

L_2 := LieAlgebra(Rationals, mat_2);

S_2 := SemiSimpleType(L_2);

PrintTo("*stdout*",S_2,"\n");

mat_3 :=[[[0, 0, 23, 38, 0, 0, 0, 0],[0, 0, 35, 0, 32, 0, 0, 0],[0, 0, 0, 0, 0, 0, 17, 0],[0, 0, 0, 0, 0, 15, 0, 0],[0, 0, 0, 0, 0, 28, 14, 49],[0, 0, 0, 0, 0, 0, 0, 0],[0, 0, 0, 0, 0, 0, 0, 0],[0, 0, 0, 0, 0, 0, 0, 0]],[[0, 0, 0, 0, 0, 0, 0, 0],[0, 0, 0, 0, 0, 0, 0, 0],[60, 33, 0, 0, 0, 0, 0, 0],[2, 0, 0, 0, 0, 0, 0, 0],[0, 6, 0, 0, 0, 0, 0, 0],[0, 0, 0, 60, 5, 0, 0, 0],[0, 0, 49, 0, 57, 0, 0, 0],[0, 0, 0, 0, 2, 0, 0, 0]]];

L_3 := LieAlgebra(Rationals, mat_3);

S_3 := SemiSimpleType(L_3);

PrintTo("*stdout*",S_3,"\n");

mat_4 :=[[[0, 0, 42, 48, 0, 0, 0, 0],[0, 0, 33, 0, 54, 0, 0, 0],[0, 0, 0, 0, 0, 0, 54, 0],[0, 0, 0, 0, 0, 38, 0, 0],[0, 0, 0, 0, 0, 9, 14, 11],[0, 0, 0, 0, 0, 0, 0, 0],[0, 0, 0, 0, 0, 0, 0, 0],[0, 0, 0, 0, 0, 0, 0, 0]],[[0, 0, 0, 0, 0, 0, 0, 0],[0, 0, 0, 0, 0, 0, 0, 0],[3, 37, 0, 0, 0, 0, 0, 0],[7, 0, 0, 0, 0, 0, 0, 0],[0, 57, 0, 0, 0, 0, 0, 0],[0, 0, 0, 25, 60, 0, 0, 0],[0, 0, 22, 0, 57, 0, 0, 0],[0, 0, 0, 0, 41, 0, 0, 0]]];

L_4 := LieAlgebra(Rationals, mat_4);

S_4 := SemiSimpleType(L_4);

PrintTo("*stdout*",S_4,"\n");

mat_5 :=[[[0, 0, 60, 47, 0, 0, 0, 0],[0, 0, 21, 0, 40, 0, 0, 0],[0, 0, 0, 0, 0, 0, 15, 0],[0, 0, 0, 0, 0, 18, 0, 0],[0, 0, 0, 0, 0, 41, 32, 25],[0, 0, 0, 0, 0, 0, 0, 0],[0, 0, 0, 0, 0, 0, 0, 0],[0, 0, 0, 0, 0, 0, 0, 0]],[[0, 0, 0, 0, 0, 0, 0, 0],[0, 0, 0, 0, 0, 0, 0, 0],[37, 36, 0, 0, 0, 0, 0, 0],[46, 0, 0, 0, 0, 0, 0, 0],[0, 34, 0, 0, 0, 0, 0, 0],[0, 0, 0, 31, 5, 0, 0, 0],[0, 0, 36, 0, 44, 0, 0, 0],[0, 0, 0, 0, 60, 0, 0, 0]]];

L_5 := LieAlgebra(Rationals, mat_5);

S_5 := SemiSimpleType(L_5);

PrintTo("*stdout*",S_5,"\n");

mat_6 :=[[[0, 0, 22, 59, 0, 0, 0, 0],[0, 0, 21, 0, 54, 0, 0, 0],[0, 0, 0, 0, 0, 0, 28, 0],[0, 0, 0, 0, 0, 25, 0, 0],[0, 0, 0, 0, 0, 14, 8, 19],[0, 0, 0, 0, 0, 0, 0, 0],[0, 0, 0, 0, 0, 0, 0, 0],[0, 0, 0, 0, 0, 0, 0, 0]],[[0, 0, 0, 0, 0, 0, 0, 0],[0, 0, 0, 0, 0, 0, 0, 0],[44, 42, 0, 0, 0, 0, 0, 0],[47, 0, 0, 0, 0, 0, 0, 0],[0, 1, 0, 0, 0, 0, 0, 0],[0, 0, 0, 56, 47, 0, 0, 0],[0, 0, 51, 0, 3, 0, 0, 0],[0, 0, 0, 0, 23, 0, 0, 0]]];

L_6 := LieAlgebra(Rationals, mat_6);

S_6 := SemiSimpleType(L_6);

PrintTo("*stdout*",S_6,"\n");

mat_7 :=[[[0, 0, 43, 44, 0, 0, 0, 0],[0, 0, 14, 0, 17, 0, 0, 0],[0, 0, 0, 0, 0, 0, 41, 0],[0, 0, 0, 0, 0, 29, 0, 0],[0, 0, 0, 0, 0, 38, 15, 11],[0, 0, 0, 0, 0, 0, 0, 0],[0, 0, 0, 0, 0, 0, 0, 0],[0, 0, 0, 0, 0, 0, 0, 0]],[[0, 0, 0, 0, 0, 0, 0, 0],[0, 0, 0, 0, 0, 0, 0, 0],[50, 57, 0, 0, 0, 0, 0, 0],[47, 0, 0, 0, 0, 0, 0, 0],[0, 7, 0, 0, 0, 0, 0, 0],[0, 0, 0, 6, 30, 0, 0, 0],[0, 0, 11, 0, 12, 0, 0, 0],[0, 0, 0, 0, 54, 0, 0, 0]]];

L_7 := LieAlgebra(Rationals, mat_7);

S_7 := SemiSimpleType(L_7);

PrintTo("*stdout*",S_7,"\n");

mat_8 :=[[[0, 0, 6, 3, 0, 0, 0, 0],[0, 0, 34, 0, 47, 0, 0, 0],[0, 0, 0, 0, 0, 0, 19, 0],[0, 0, 0, 0, 0, 11, 0, 0],[0, 0, 0, 0, 0, 21, 13, 31],[0, 0, 0, 0, 0, 0, 0, 0],[0, 0, 0, 0, 0, 0, 0, 0],[0, 0, 0, 0, 0, 0, 0, 0]],[[0, 0, 0, 0, 0, 0, 0, 0],[0, 0, 0, 0, 0, 0, 0, 0],[55, 7, 0, 0, 0, 0, 0, 0],[38, 0, 0, 0, 0, 0, 0, 0],[0, 24, 0, 0, 0, 0, 0, 0],[0, 0, 0, 31, 26, 0, 0, 0],[0, 0, 4, 0, 60, 0, 0, 0],[0, 0, 0, 0, 49, 0, 0, 0]]];

L_8 := LieAlgebra(Rationals, mat_8);

S_8 := SemiSimpleType(L_8);

PrintTo("*stdout*",S_8,"\n");

mat_9 :=[[[0, 0, 30, 54, 0, 0, 0, 0],[0, 0, 9, 0, 24, 0, 0, 0],[0, 0, 0, 0, 0, 0, 56, 0],[0, 0, 0, 0, 0, 56, 0, 0],[0, 0, 0, 0, 0, 43, 38, 21],[0, 0, 0, 0, 0, 0, 0, 0],[0, 0, 0, 0, 0, 0, 0, 0],[0, 0, 0, 0, 0, 0, 0, 0]],[[0, 0, 0, 0, 0, 0, 0, 0],[0, 0, 0, 0, 0, 0, 0, 0],[57, 44, 0, 0, 0, 0, 0, 0],[8, 0, 0, 0, 0, 0, 0, 0],[0, 39, 0, 0, 0, 0, 0, 0],[0, 0, 0, 24, 45, 0, 0, 0],[0, 0, 50, 0, 51, 0, 0, 0],[0, 0, 0, 0, 20, 0, 0, 0]]];

L_9 := LieAlgebra(Rationals, mat_9);

S_9 := SemiSimpleType(L_9);

PrintTo("*stdout*",S_9,"\n");

mat_10 :=[[[0, 0, 34, 59, 0, 0, 0, 0],[0, 0, 33, 0, 20, 0, 0, 0],[0, 0, 0, 0, 0, 0, 38, 0],[0, 0, 0, 0, 0, 22, 0, 0],[0, 0, 0, 0, 0, 46, 25, 30],[0, 0, 0, 0, 0, 0, 0, 0],[0, 0, 0, 0, 0, 0, 0, 0],[0, 0, 0, 0, 0, 0, 0, 0]],[[0, 0, 0, 0, 0, 0, 0, 0],[0, 0, 0, 0, 0, 0, 0, 0],[42, 20, 0, 0, 0, 0, 0, 0],[59, 0, 0, 0, 0, 0, 0, 0],[0, 51, 0, 0, 0, 0, 0, 0],[0, 0, 0, 58, 2, 0, 0, 0],[0, 0, 45, 0, 22, 0, 0, 0],[0, 0, 0, 0, 40, 0, 0, 0]]];

L_10 := LieAlgebra(Rationals, mat_10);

S_10 := SemiSimpleType(L_10);

PrintTo("*stdout*",S_10,"\n");

mat_11 :=[[[0, 0, 17, 14, 0, 0, 0, 0],[0, 0, 43, 0, 38, 0, 0, 0],[0, 0, 0, 0, 0, 0, 36, 0],[0, 0, 0, 0, 0, 40, 0, 0],[0, 0, 0, 0, 0, 3, 21, 28],[0, 0, 0, 0, 0, 0, 0, 0],[0, 0, 0, 0, 0, 0, 0, 0],[0, 0, 0, 0, 0, 0, 0, 0]],[[0, 0, 0, 0, 0, 0, 0, 0],[0, 0, 0, 0, 0, 0, 0, 0],[15, 52, 0, 0, 0, 0, 0, 0],[43, 0, 0, 0, 0, 0, 0, 0],[0, 17, 0, 0, 0, 0, 0, 0],[0, 0, 0, 9, 51, 0, 0, 0],[0, 0, 44, 0, 9, 0, 0, 0],[0, 0, 0, 0, 36, 0, 0, 0]]];

L_11 := LieAlgebra(Rationals, mat_11);

S_11 := SemiSimpleType(L_11);

PrintTo("*stdout*",S_11,"\n");

mat_12 :=[[[0, 0, 22, 49, 0, 0, 0, 0],[0, 0, 31, 0, 30, 0, 0, 0],[0, 0, 0, 0, 0, 0, 53, 0],[0, 0, 0, 0, 0, 22, 0, 0],[0, 0, 0, 0, 0, 27, 58, 3],[0, 0, 0, 0, 0, 0, 0, 0],[0, 0, 0, 0, 0, 0, 0, 0],[0, 0, 0, 0, 0, 0, 0, 0]],[[0, 0, 0, 0, 0, 0, 0, 0],[0, 0, 0, 0, 0, 0, 0, 0],[59, 41, 0, 0, 0, 0, 0, 0],[12, 0, 0, 0, 0, 0, 0, 0],[0, 36, 0, 0, 0, 0, 0, 0],[0, 0, 0, 22, 38, 0, 0, 0],[0, 0, 41, 0, 49, 0, 0, 0],[0, 0, 0, 0, 2, 0, 0, 0]]];

L_12 := LieAlgebra(Rationals, mat_12);

S_12 := SemiSimpleType(L_12);

PrintTo("*stdout*",S_12,"\n");

mat_13 :=[[[0, 0, 6, 59, 0, 0, 0, 0],[0, 0, 40, 0, 14, 0, 0, 0],[0, 0, 0, 0, 0, 0, 25, 0],[0, 0, 0, 0, 0, 8, 0, 0],[0, 0, 0, 0, 0, 17, 16, 20],[0, 0, 0, 0, 0, 0, 0, 0],[0, 0, 0, 0, 0, 0, 0, 0],[0, 0, 0, 0, 0, 0, 0, 0]],[[0, 0, 0, 0, 0, 0, 0, 0],[0, 0, 0, 0, 0, 0, 0, 0],[10, 8, 0, 0, 0, 0, 0, 0],[21, 0, 0, 0, 0, 0, 0, 0],[0, 54, 0, 0, 0, 0, 0, 0],[0, 0, 0, 56, 24, 0, 0, 0],[0, 0, 6, 0, 3, 0, 0, 0],[0, 0, 0, 0, 21, 0, 0, 0]]];

L_13 := LieAlgebra(Rationals, mat_13);

S_13 := SemiSimpleType(L_13);

PrintTo("*stdout*",S_13,"\n");

mat_14 :=[[[0, 0, 45, 48, 0, 0, 0, 0],[0, 0, 33, 0, 42, 0, 0, 0],[0, 0, 0, 0, 0, 0, 54, 0],[0, 0, 0, 0, 0, 4, 0, 0],[0, 0, 0, 0, 0, 19, 3, 12],[0, 0, 0, 0, 0, 0, 0, 0],[0, 0, 0, 0, 0, 0, 0, 0],[0, 0, 0, 0, 0, 0, 0, 0]],[[0, 0, 0, 0, 0, 0, 0, 0],[0, 0, 0, 0, 0, 0, 0, 0],[44, 53, 0, 0, 0, 0, 0, 0],[44, 0, 0, 0, 0, 0, 0, 0],[0, 35, 0, 0, 0, 0, 0, 0],[0, 0, 0, 56, 49, 0, 0, 0],[0, 0, 5, 0, 18, 0, 0, 0],[0, 0, 0, 0, 33, 0, 0, 0]]];

L_14 := LieAlgebra(Rationals, mat_14);

S_14 := SemiSimpleType(L_14);

PrintTo("*stdout*",S_14,"\n");

mat_15 :=[[[0, 0, 60, 43, 0, 0, 0, 0],[0, 0, 51, 0, 26, 0, 0, 0],[0, 0, 0, 0, 0, 0, 29, 0],[0, 0, 0, 0, 0, 34, 0, 0],[0, 0, 0, 0, 0, 17, 45, 31],[0, 0, 0, 0, 0, 0, 0, 0],[0, 0, 0, 0, 0, 0, 0, 0],[0, 0, 0, 0, 0, 0, 0, 0]],[[0, 0, 0, 0, 0, 0, 0, 0],[0, 0, 0, 0, 0, 0, 0, 0],[39, 9, 0, 0, 0, 0, 0, 0],[19, 0, 0, 0, 0, 0, 0, 0],[0, 29, 0, 0, 0, 0, 0, 0],[0, 0, 0, 48, 47, 0, 0, 0],[0, 0, 22, 0, 41, 0, 0, 0],[0, 0, 0, 0, 9, 0, 0, 0]]];

L_15 := LieAlgebra(Rationals, mat_15);

S_15 := SemiSimpleType(L_15);

PrintTo("*stdout*",S_15,"\n");

mat_16 :=[[[0, 0, 2, 34, 0, 0, 0, 0],[0, 0, 19, 0, 57, 0, 0, 0],[0, 0, 0, 0, 0, 0, 59, 0],[0, 0, 0, 0, 0, 18, 0, 0],[0, 0, 0, 0, 0, 49, 54, 36],[0, 0, 0, 0, 0, 0, 0, 0],[0, 0, 0, 0, 0, 0, 0, 0],[0, 0, 0, 0, 0, 0, 0, 0]],[[0, 0, 0, 0, 0, 0, 0, 0],[0, 0, 0, 0, 0, 0, 0, 0],[54, 33, 0, 0, 0, 0, 0, 0],[57, 0, 0, 0, 0, 0, 0, 0],[0, 44, 0, 0, 0, 0, 0, 0],[0, 0, 0, 2, 27, 0, 0, 0],[0, 0, 35, 0, 39, 0, 0, 0],[0, 0, 0, 0, 32, 0, 0, 0]]];

L_16 := LieAlgebra(Rationals, mat_16);

S_16 := SemiSimpleType(L_16);

PrintTo("*stdout*",S_16,"\n");

mat_17 :=[[[0, 0, 23, 57, 0, 0, 0, 0],[0, 0, 50, 0, 51, 0, 0, 0],[0, 0, 0, 0, 0, 0, 23, 0],[0, 0, 0, 0, 0, 36, 0, 0],[0, 0, 0, 0, 0, 53, 57, 41],[0, 0, 0, 0, 0, 0, 0, 0],[0, 0, 0, 0, 0, 0, 0, 0],[0, 0, 0, 0, 0, 0, 0, 0]],[[0, 0, 0, 0, 0, 0, 0, 0],[0, 0, 0, 0, 0, 0, 0, 0],[13, 5, 0, 0, 0, 0, 0, 0],[40, 0, 0, 0, 0, 0, 0, 0],[0, 25, 0, 0, 0, 0, 0, 0],[0, 0, 0, 57, 49, 0, 0, 0],[0, 0, 41, 0, 30, 0, 0, 0],[0, 0, 0, 0, 46, 0, 0, 0]]];

L_17 := LieAlgebra(Rationals, mat_17);

S_17 := SemiSimpleType(L_17);

PrintTo("*stdout*",S_17,"\n");

mat_18 :=[[[0, 0, 26, 59, 0, 0, 0, 0],[0, 0, 60, 0, 52, 0, 0, 0],[0, 0, 0, 0, 0, 0, 24, 0],[0, 0, 0, 0, 0, 28, 0, 0],[0, 0, 0, 0, 0, 15, 48, 53],[0, 0, 0, 0, 0, 0, 0, 0],[0, 0, 0, 0, 0, 0, 0, 0],[0, 0, 0, 0, 0, 0, 0, 0]],[[0, 0, 0, 0, 0, 0, 0, 0],[0, 0, 0, 0, 0, 0, 0, 0],[55, 36, 0, 0, 0, 0, 0, 0],[34, 0, 0, 0, 0, 0, 0, 0],[0, 9, 0, 0, 0, 0, 0, 0],[0, 0, 0, 28, 13, 0, 0, 0],[0, 0, 54, 0, 54, 0, 0, 0],[0, 0, 0, 0, 46, 0, 0, 0]]];

L_18 := LieAlgebra(Rationals, mat_18);

S_18 := SemiSimpleType(L_18);

PrintTo("*stdout*",S_18,"\n");

mat_19 :=[[[0, 0, 53, 18, 0, 0, 0, 0],[0, 0, 41, 0, 40, 0, 0, 0],[0, 0, 0, 0, 0, 0, 8, 0],[0, 0, 0, 0, 0, 25, 0, 0],[0, 0, 0, 0, 0, 17, 44, 18],[0, 0, 0, 0, 0, 0, 0, 0],[0, 0, 0, 0, 0, 0, 0, 0],[0, 0, 0, 0, 0, 0, 0, 0]],[[0, 0, 0, 0, 0, 0, 0, 0],[0, 0, 0, 0, 0, 0, 0, 0],[54, 24, 0, 0, 0, 0, 0, 0],[50, 0, 0, 0, 0, 0, 0, 0],[0, 30, 0, 0, 0, 0, 0, 0],[0, 0, 0, 51, 37, 0, 0, 0],[0, 0, 42, 0, 35, 0, 0, 0],[0, 0, 0, 0, 20, 0, 0, 0]]];

L_19 := LieAlgebra(Rationals, mat_19);

S_19 := SemiSimpleType(L_19);

PrintTo("*stdout*",S_19,"\n");

mat_20 :=[[[0, 0, 28, 43, 0, 0, 0, 0],[0, 0, 54, 0, 44, 0, 0, 0],[0, 0, 0, 0, 0, 0, 2, 0],[0, 0, 0, 0, 0, 41, 0, 0],[0, 0, 0, 0, 0, 27, 27, 8],[0, 0, 0, 0, 0, 0, 0, 0],[0, 0, 0, 0, 0, 0, 0, 0],[0, 0, 0, 0, 0, 0, 0, 0]],[[0, 0, 0, 0, 0, 0, 0, 0],[0, 0, 0, 0, 0, 0, 0, 0],[49, 15, 0, 0, 0, 0, 0, 0],[20, 0, 0, 0, 0, 0, 0, 0],[0, 21, 0, 0, 0, 0, 0, 0],[0, 0, 0, 33, 34, 0, 0, 0],[0, 0, 23, 0, 24, 0, 0, 0],[0, 0, 0, 0, 24, 0, 0, 0]]];

L_20 := LieAlgebra(Rationals, mat_20);

S_20 := SemiSimpleType(L_20);

PrintTo("*stdout*",S_20,"\n");

mat_21 :=[[[0, 0, 31, 40, 0, 0, 0, 0],[0, 0, 58, 0, 44, 0, 0, 0],[0, 0, 0, 0, 0, 0, 25, 0],[0, 0, 0, 0, 0, 50, 0, 0],[0, 0, 0, 0, 0, 9, 4, 6],[0, 0, 0, 0, 0, 0, 0, 0],[0, 0, 0, 0, 0, 0, 0, 0],[0, 0, 0, 0, 0, 0, 0, 0]],[[0, 0, 0, 0, 0, 0, 0, 0],[0, 0, 0, 0, 0, 0, 0, 0],[10, 19, 0, 0, 0, 0, 0, 0],[20, 0, 0, 0, 0, 0, 0, 0],[0, 1, 0, 0, 0, 0, 0, 0],[0, 0, 0, 6, 9, 0, 0, 0],[0, 0, 33, 0, 38, 0, 0, 0],[0, 0, 0, 0, 52, 0, 0, 0]]];

L_21 := LieAlgebra(Rationals, mat_21);

S_21 := SemiSimpleType(L_21);

PrintTo("*stdout*",S_21,"\n");

mat_22 :=[[[0, 0, 59, 35, 0, 0, 0, 0],[0, 0, 60, 0, 34, 0, 0, 0],[0, 0, 0, 0, 0, 0, 31, 0],[0, 0, 0, 0, 0, 20, 0, 0],[0, 0, 0, 0, 0, 26, 30, 5],[0, 0, 0, 0, 0, 0, 0, 0],[0, 0, 0, 0, 0, 0, 0, 0],[0, 0, 0, 0, 0, 0, 0, 0]],[[0, 0, 0, 0, 0, 0, 0, 0],[0, 0, 0, 0, 0, 0, 0, 0],[54, 27, 0, 0, 0, 0, 0, 0],[4, 0, 0, 0, 0, 0, 0, 0],[0, 50, 0, 0, 0, 0, 0, 0],[0, 0, 0, 37, 50, 0, 0, 0],[0, 0, 24, 0, 54, 0, 0, 0],[0, 0, 0, 0, 56, 0, 0, 0]]];

L_22 := LieAlgebra(Rationals, mat_22);

S_22 := SemiSimpleType(L_22);

PrintTo("*stdout*",S_22,"\n");

mat_23 :=[[[0, 0, 12, 16, 0, 0, 0, 0],[0, 0, 54, 0, 36, 0, 0, 0],[0, 0, 0, 0, 0, 0, 31, 0],[0, 0, 0, 0, 0, 37, 0, 0],[0, 0, 0, 0, 0, 50, 32, 13],[0, 0, 0, 0, 0, 0, 0, 0],[0, 0, 0, 0, 0, 0, 0, 0],[0, 0, 0, 0, 0, 0, 0, 0]],[[0, 0, 0, 0, 0, 0, 0, 0],[0, 0, 0, 0, 0, 0, 0, 0],[28, 58, 0, 0, 0, 0, 0, 0],[26, 0, 0, 0, 0, 0, 0, 0],[0, 38, 0, 0, 0, 0, 0, 0],[0, 0, 0, 44, 21, 0, 0, 0],[0, 0, 42, 0, 32, 0, 0, 0],[0, 0, 0, 0, 34, 0, 0, 0]]];

L_23 := LieAlgebra(Rationals, mat_23);

S_23 := SemiSimpleType(L_23);

PrintTo("*stdout*",S_23,"\n");

mat_24 :=[[[0, 0, 10, 34, 0, 0, 0, 0],[0, 0, 42, 0, 26, 0, 0, 0],[0, 0, 0, 0, 0, 0, 51, 0],[0, 0, 0, 0, 0, 44, 0, 0],[0, 0, 0, 0, 0, 22, 28, 24],[0, 0, 0, 0, 0, 0, 0, 0],[0, 0, 0, 0, 0, 0, 0, 0],[0, 0, 0, 0, 0, 0, 0, 0]],[[0, 0, 0, 0, 0, 0, 0, 0],[0, 0, 0, 0, 0, 0, 0, 0],[47, 26, 0, 0, 0, 0, 0, 0],[45, 0, 0, 0, 0, 0, 0, 0],[0, 42, 0, 0, 0, 0, 0, 0],[0, 0, 0, 48, 43, 0, 0, 0],[0, 0, 57, 0, 7, 0, 0, 0],[0, 0, 0, 0, 24, 0, 0, 0]]];

L_24 := LieAlgebra(Rationals, mat_24);

S_24 := SemiSimpleType(L_24);

PrintTo("*stdout*",S_24,"\n");

mat_25 :=[[[0, 0, 36, 28, 0, 0, 0, 0],[0, 0, 4, 0, 14, 0, 0, 0],[0, 0, 0, 0, 0, 0, 51, 0],[0, 0, 0, 0, 0, 1, 0, 0],[0, 0, 0, 0, 0, 52, 5, 41],[0, 0, 0, 0, 0, 0, 0, 0],[0, 0, 0, 0, 0, 0, 0, 0],[0, 0, 0, 0, 0, 0, 0, 0]],[[0, 0, 0, 0, 0, 0, 0, 0],[0, 0, 0, 0, 0, 0, 0, 0],[31, 35, 0, 0, 0, 0, 0, 0],[14, 0, 0, 0, 0, 0, 0, 0],[0, 8, 0, 0, 0, 0, 0, 0],[0, 0, 0, 36, 4, 0, 0, 0],[0, 0, 41, 0, 4, 0, 0, 0],[0, 0, 0, 0, 10, 0, 0, 0]]];

L_25 := LieAlgebra(Rationals, mat_25);

S_25 := SemiSimpleType(L_25);

PrintTo("*stdout*",S_25,"\n");

mat_26 :=[[[0, 0, 2, 27, 0, 0, 0, 0],[0, 0, 50, 0, 38, 0, 0, 0],[0, 0, 0, 0, 0, 0, 32, 0],[0, 0, 0, 0, 0, 52, 0, 0],[0, 0, 0, 0, 0, 6, 55, 7],[0, 0, 0, 0, 0, 0, 0, 0],[0, 0, 0, 0, 0, 0, 0, 0],[0, 0, 0, 0, 0, 0, 0, 0]],[[0, 0, 0, 0, 0, 0, 0, 0],[0, 0, 0, 0, 0, 0, 0, 0],[32, 34, 0, 0, 0, 0, 0, 0],[9, 0, 0, 0, 0, 0, 0, 0],[0, 1, 0, 0, 0, 0, 0, 0],[0, 0, 0, 51, 56, 0, 0, 0],[0, 0, 47, 0, 60, 0, 0, 0],[0, 0, 0, 0, 31, 0, 0, 0]]];

L_26 := LieAlgebra(Rationals, mat_26);

S_26 := SemiSimpleType(L_26);

PrintTo("*stdout*",S_26,"\n");

mat_27 :=[[[0, 0, 17, 7, 0, 0, 0, 0],[0, 0, 31, 0, 36, 0, 0, 0],[0, 0, 0, 0, 0, 0, 46, 0],[0, 0, 0, 0, 0, 5, 0, 0],[0, 0, 0, 0, 0, 40, 32, 11],[0, 0, 0, 0, 0, 0, 0, 0],[0, 0, 0, 0, 0, 0, 0, 0],[0, 0, 0, 0, 0, 0, 0, 0]],[[0, 0, 0, 0, 0, 0, 0, 0],[0, 0, 0, 0, 0, 0, 0, 0],[57, 27, 0, 0, 0, 0, 0, 0],[36, 0, 0, 0, 0, 0, 0, 0],[0, 57, 0, 0, 0, 0, 0, 0],[0, 0, 0, 28, 51, 0, 0, 0],[0, 0, 40, 0, 32, 0, 0, 0],[0, 0, 0, 0, 34, 0, 0, 0]]];

L_27 := LieAlgebra(Rationals, mat_27);

S_27 := SemiSimpleType(L_27);

PrintTo("*stdout*",S_27,"\n");

mat_28 :=[[[0, 0, 41, 23, 0, 0, 0, 0],[0, 0, 15, 0, 35, 0, 0, 0],[0, 0, 0, 0, 0, 0, 53, 0],[0, 0, 0, 0, 0, 25, 0, 0],[0, 0, 0, 0, 0, 7, 27, 19],[0, 0, 0, 0, 0, 0, 0, 0],[0, 0, 0, 0, 0, 0, 0, 0],[0, 0, 0, 0, 0, 0, 0, 0]],[[0, 0, 0, 0, 0, 0, 0, 0],[0, 0, 0, 0, 0, 0, 0, 0],[25, 25, 0, 0, 0, 0, 0, 0],[51, 0, 0, 0, 0, 0, 0, 0],[0, 24, 0, 0, 0, 0, 0, 0],[0, 0, 0, 9, 16, 0, 0, 0],[0, 0, 22, 0, 6, 0, 0, 0],[0, 0, 0, 0, 26, 0, 0, 0]]];

L_28 := LieAlgebra(Rationals, mat_28);

S_28 := SemiSimpleType(L_28);

PrintTo("*stdout*",S_28,"\n");

mat_29 :=[[[0, 0, 16, 18, 0, 0, 0, 0],[0, 0, 26, 0, 8, 0, 0, 0],[0, 0, 0, 0, 0, 0, 30, 0],[0, 0, 0, 0, 0, 43, 0, 0],[0, 0, 0, 0, 0, 15, 48, 5],[0, 0, 0, 0, 0, 0, 0, 0],[0, 0, 0, 0, 0, 0, 0, 0],[0, 0, 0, 0, 0, 0, 0, 0]],[[0, 0, 0, 0, 0, 0, 0, 0],[0, 0, 0, 0, 0, 0, 0, 0],[24, 14, 0, 0, 0, 0, 0, 0],[1, 0, 0, 0, 0, 0, 0, 0],[0, 1, 0, 0, 0, 0, 0, 0],[0, 0, 0, 9, 17, 0, 0, 0],[0, 0, 12, 0, 11, 0, 0, 0],[0, 0, 0, 0, 9, 0, 0, 0]]];

L_29 := LieAlgebra(Rationals, mat_29);

S_29 := SemiSimpleType(L_29);

PrintTo("*stdout*",S_29,"\n");

mat_30 :=[[[0, 0, 36, 55, 0, 0, 0, 0],[0, 0, 57, 0, 14, 0, 0, 0],[0, 0, 0, 0, 0, 0, 29, 0],[0, 0, 0, 0, 0, 23, 0, 0],[0, 0, 0, 0, 0, 32, 16, 5],[0, 0, 0, 0, 0, 0, 0, 0],[0, 0, 0, 0, 0, 0, 0, 0],[0, 0, 0, 0, 0, 0, 0, 0]],[[0, 0, 0, 0, 0, 0, 0, 0],[0, 0, 0, 0, 0, 0, 0, 0],[27, 2, 0, 0, 0, 0, 0, 0],[11, 0, 0, 0, 0, 0, 0, 0],[0, 58, 0, 0, 0, 0, 0, 0],[0, 0, 0, 58, 46, 0, 0, 0],[0, 0, 26, 0, 1, 0, 0, 0],[0, 0, 0, 0, 41, 0, 0, 0]]];

L_30 := LieAlgebra(Rationals, mat_30);

S_30 := SemiSimpleType(L_30);

PrintTo("*stdout*",S_30,"\n");

mat_31 :=[[[0, 0, 43, 39, 0, 0, 0, 0],[0, 0, 34, 0, 14, 0, 0, 0],[0, 0, 0, 0, 0, 0, 47, 0],[0, 0, 0, 0, 0, 14, 0, 0],[0, 0, 0, 0, 0, 23, 54, 52],[0, 0, 0, 0, 0, 0, 0, 0],[0, 0, 0, 0, 0, 0, 0, 0],[0, 0, 0, 0, 0, 0, 0, 0]],[[0, 0, 0, 0, 0, 0, 0, 0],[0, 0, 0, 0, 0, 0, 0, 0],[25, 37, 0, 0, 0, 0, 0, 0],[20, 0, 0, 0, 0, 0, 0, 0],[0, 55, 0, 0, 0, 0, 0, 0],[0, 0, 0, 36, 20, 0, 0, 0],[0, 0, 55, 0, 52, 0, 0, 0],[0, 0, 0, 0, 27, 0, 0, 0]]];

L_31 := LieAlgebra(Rationals, mat_31);

S_31 := SemiSimpleType(L_31);

PrintTo("*stdout*",S_31,"\n");

mat_32 :=[[[0, 0, 55, 2, 0, 0, 0, 0],[0, 0, 32, 0, 43, 0, 0, 0],[0, 0, 0, 0, 0, 0, 11, 0],[0, 0, 0, 0, 0, 21, 0, 0],[0, 0, 0, 0, 0, 12, 20, 25],[0, 0, 0, 0, 0, 0, 0, 0],[0, 0, 0, 0, 0, 0, 0, 0],[0, 0, 0, 0, 0, 0, 0, 0]],[[0, 0, 0, 0, 0, 0, 0, 0],[0, 0, 0, 0, 0, 0, 0, 0],[33, 34, 0, 0, 0, 0, 0, 0],[3, 0, 0, 0, 0, 0, 0, 0],[0, 17, 0, 0, 0, 0, 0, 0],[0, 0, 0, 15, 10, 0, 0, 0],[0, 0, 15, 0, 58, 0, 0, 0],[0, 0, 0, 0, 57, 0, 0, 0]]];

L_32 := LieAlgebra(Rationals, mat_32);

S_32 := SemiSimpleType(L_32);

PrintTo("*stdout*",S_32,"\n");

mat_33 :=[[[0, 0, 50, 44, 0, 0, 0, 0],[0, 0, 11, 0, 22, 0, 0, 0],[0, 0, 0, 0, 0, 0, 12, 0],[0, 0, 0, 0, 0, 1, 0, 0],[0, 0, 0, 0, 0, 19, 42, 38],[0, 0, 0, 0, 0, 0, 0, 0],[0, 0, 0, 0, 0, 0, 0, 0],[0, 0, 0, 0, 0, 0, 0, 0]],[[0, 0, 0, 0, 0, 0, 0, 0],[0, 0, 0, 0, 0, 0, 0, 0],[33, 18, 0, 0, 0, 0, 0, 0],[27, 0, 0, 0, 0, 0, 0, 0],[0, 31, 0, 0, 0, 0, 0, 0],[0, 0, 0, 46, 35, 0, 0, 0],[0, 0, 46, 0, 45, 0, 0, 0],[0, 0, 0, 0, 39, 0, 0, 0]]];

L_33 := LieAlgebra(Rationals, mat_33);

S_33 := SemiSimpleType(L_33);

PrintTo("*stdout*",S_33,"\n");

mat_34 :=[[[0, 0, 8, 31, 0, 0, 0, 0],[0, 0, 21, 0, 6, 0, 0, 0],[0, 0, 0, 0, 0, 0, 9, 0],[0, 0, 0, 0, 0, 12, 0, 0],[0, 0, 0, 0, 0, 41, 26, 42],[0, 0, 0, 0, 0, 0, 0, 0],[0, 0, 0, 0, 0, 0, 0, 0],[0, 0, 0, 0, 0, 0, 0, 0]],[[0, 0, 0, 0, 0, 0, 0, 0],[0, 0, 0, 0, 0, 0, 0, 0],[16, 32, 0, 0, 0, 0, 0, 0],[1, 0, 0, 0, 0, 0, 0, 0],[0, 17, 0, 0, 0, 0, 0, 0],[0, 0, 0, 55, 24, 0, 0, 0],[0, 0, 57, 0, 2, 0, 0, 0],[0, 0, 0, 0, 41, 0, 0, 0]]];

L_34 := LieAlgebra(Rationals, mat_34);

S_34 := SemiSimpleType(L_34);

PrintTo("*stdout*",S_34,"\n");

mat_35 :=[[[0, 0, 51, 59, 0, 0, 0, 0],[0, 0, 4, 0, 28, 0, 0, 0],[0, 0, 0, 0, 0, 0, 35, 0],[0, 0, 0, 0, 0, 42, 0, 0],[0, 0, 0, 0, 0, 44, 40, 44],[0, 0, 0, 0, 0, 0, 0, 0],[0, 0, 0, 0, 0, 0, 0, 0],[0, 0, 0, 0, 0, 0, 0, 0]],[[0, 0, 0, 0, 0, 0, 0, 0],[0, 0, 0, 0, 0, 0, 0, 0],[23, 7, 0, 0, 0, 0, 0, 0],[35, 0, 0, 0, 0, 0, 0, 0],[0, 4, 0, 0, 0, 0, 0, 0],[0, 0, 0, 18, 36, 0, 0, 0],[0, 0, 59, 0, 58, 0, 0, 0],[0, 0, 0, 0, 12, 0, 0, 0]]];

L_35 := LieAlgebra(Rationals, mat_35);

S_35 := SemiSimpleType(L_35);

PrintTo("*stdout*",S_35,"\n");

mat_36 :=[[[0, 0, 12, 21, 0, 0, 0, 0],[0, 0, 56, 0, 24, 0, 0, 0],[0, 0, 0, 0, 0, 0, 17, 0],[0, 0, 0, 0, 0, 10, 0, 0],[0, 0, 0, 0, 0, 24, 23, 8],[0, 0, 0, 0, 0, 0, 0, 0],[0, 0, 0, 0, 0, 0, 0, 0],[0, 0, 0, 0, 0, 0, 0, 0]],[[0, 0, 0, 0, 0, 0, 0, 0],[0, 0, 0, 0, 0, 0, 0, 0],[27, 37, 0, 0, 0, 0, 0, 0],[6, 0, 0, 0, 0, 0, 0, 0],[0, 1, 0, 0, 0, 0, 0, 0],[0, 0, 0, 48, 15, 0, 0, 0],[0, 0, 35, 0, 27, 0, 0, 0],[0, 0, 0, 0, 35, 0, 0, 0]]];

L_36 := LieAlgebra(Rationals, mat_36);

S_36 := SemiSimpleType(L_36);

PrintTo("*stdout*",S_36,"\n");

mat_37 :=[[[0, 0, 4, 30, 0, 0, 0, 0],[0, 0, 39, 0, 14, 0, 0, 0],[0, 0, 0, 0, 0, 0, 51, 0],[0, 0, 0, 0, 0, 59, 0, 0],[0, 0, 0, 0, 0, 51, 31, 17],[0, 0, 0, 0, 0, 0, 0, 0],[0, 0, 0, 0, 0, 0, 0, 0],[0, 0, 0, 0, 0, 0, 0, 0]],[[0, 0, 0, 0, 0, 0, 0, 0],[0, 0, 0, 0, 0, 0, 0, 0],[45, 58, 0, 0, 0, 0, 0, 0],[15, 0, 0, 0, 0, 0, 0, 0],[0, 38, 0, 0, 0, 0, 0, 0],[0, 0, 0, 11, 6, 0, 0, 0],[0, 0, 37, 0, 16, 0, 0, 0],[0, 0, 0, 0, 52, 0, 0, 0]]];

L_37 := LieAlgebra(Rationals, mat_37);

S_37 := SemiSimpleType(L_37);

PrintTo("*stdout*",S_37,"\n");

mat_38 :=[[[0, 0, 55, 42, 0, 0, 0, 0],[0, 0, 44, 0, 14, 0, 0, 0],[0, 0, 0, 0, 0, 0, 35, 0],[0, 0, 0, 0, 0, 49, 0, 0],[0, 0, 0, 0, 0, 25, 60, 6],[0, 0, 0, 0, 0, 0, 0, 0],[0, 0, 0, 0, 0, 0, 0, 0],[0, 0, 0, 0, 0, 0, 0, 0]],[[0, 0, 0, 0, 0, 0, 0, 0],[0, 0, 0, 0, 0, 0, 0, 0],[20, 4, 0, 0, 0, 0, 0, 0],[31, 0, 0, 0, 0, 0, 0, 0],[0, 44, 0, 0, 0, 0, 0, 0],[0, 0, 0, 32, 50, 0, 0, 0],[0, 0, 34, 0, 52, 0, 0, 0],[0, 0, 0, 0, 48, 0, 0, 0]]];

L_38 := LieAlgebra(Rationals, mat_38);

S_38 := SemiSimpleType(L_38);

PrintTo("*stdout*",S_38,"\n");

mat_39 :=[[[0, 0, 20, 28, 0, 0, 0, 0],[0, 0, 46, 0, 7, 0, 0, 0],[0, 0, 0, 0, 0, 0, 7, 0],[0, 0, 0, 0, 0, 17, 0, 0],[0, 0, 0, 0, 0, 32, 59, 43],[0, 0, 0, 0, 0, 0, 0, 0],[0, 0, 0, 0, 0, 0, 0, 0],[0, 0, 0, 0, 0, 0, 0, 0]],[[0, 0, 0, 0, 0, 0, 0, 0],[0, 0, 0, 0, 0, 0, 0, 0],[19, 52, 0, 0, 0, 0, 0, 0],[18, 0, 0, 0, 0, 0, 0, 0],[0, 55, 0, 0, 0, 0, 0, 0],[0, 0, 0, 16, 6, 0, 0, 0],[0, 0, 39, 0, 51, 0, 0, 0],[0, 0, 0, 0, 36, 0, 0, 0]]];

L_39 := LieAlgebra(Rationals, mat_39);

S_39 := SemiSimpleType(L_39);

PrintTo("*stdout*",S_39,"\n");

mat_40 :=[[[0, 0, 57, 4, 0, 0, 0, 0],[0, 0, 36, 0, 18, 0, 0, 0],[0, 0, 0, 0, 0, 0, 50, 0],[0, 0, 0, 0, 0, 12, 0, 0],[0, 0, 0, 0, 0, 27, 24, 50],[0, 0, 0, 0, 0, 0, 0, 0],[0, 0, 0, 0, 0, 0, 0, 0],[0, 0, 0, 0, 0, 0, 0, 0]],[[0, 0, 0, 0, 0, 0, 0, 0],[0, 0, 0, 0, 0, 0, 0, 0],[41, 20, 0, 0, 0, 0, 0, 0],[13, 0, 0, 0, 0, 0, 0, 0],[0, 9, 0, 0, 0, 0, 0, 0],[0, 0, 0, 35, 11, 0, 0, 0],[0, 0, 41, 0, 9, 0, 0, 0],[0, 0, 0, 0, 29, 0, 0, 0]]];

L_40 := LieAlgebra(Rationals, mat_40);

S_40 := SemiSimpleType(L_40);

PrintTo("*stdout*",S_40,"\n");

mat_41 :=[[[0, 0, 55, 34, 0, 0, 0, 0],[0, 0, 2, 0, 4, 0, 0, 0],[0, 0, 0, 0, 0, 0, 49, 0],[0, 0, 0, 0, 0, 28, 0, 0],[0, 0, 0, 0, 0, 23, 48, 22],[0, 0, 0, 0, 0, 0, 0, 0],[0, 0, 0, 0, 0, 0, 0, 0],[0, 0, 0, 0, 0, 0, 0, 0]],[[0, 0, 0, 0, 0, 0, 0, 0],[0, 0, 0, 0, 0, 0, 0, 0],[32, 53, 0, 0, 0, 0, 0, 0],[43, 0, 0, 0, 0, 0, 0, 0],[0, 20, 0, 0, 0, 0, 0, 0],[0, 0, 0, 59, 5, 0, 0, 0],[0, 0, 40, 0, 36, 0, 0, 0],[0, 0, 0, 0, 25, 0, 0, 0]]];

L_41 := LieAlgebra(Rationals, mat_41);

S_41 := SemiSimpleType(L_41);

PrintTo("*stdout*",S_41,"\n");

mat_42 :=[[[0, 0, 19, 16, 0, 0, 0, 0],[0, 0, 46, 0, 60, 0, 0, 0],[0, 0, 0, 0, 0, 0, 12, 0],[0, 0, 0, 0, 0, 47, 0, 0],[0, 0, 0, 0, 0, 12, 60, 49],[0, 0, 0, 0, 0, 0, 0, 0],[0, 0, 0, 0, 0, 0, 0, 0],[0, 0, 0, 0, 0, 0, 0, 0]],[[0, 0, 0, 0, 0, 0, 0, 0],[0, 0, 0, 0, 0, 0, 0, 0],[26, 30, 0, 0, 0, 0, 0, 0],[44, 0, 0, 0, 0, 0, 0, 0],[0, 49, 0, 0, 0, 0, 0, 0],[0, 0, 0, 5, 36, 0, 0, 0],[0, 0, 22, 0, 55, 0, 0, 0],[0, 0, 0, 0, 12, 0, 0, 0]]];

L_42 := LieAlgebra(Rationals, mat_42);

S_42 := SemiSimpleType(L_42);

PrintTo("*stdout*",S_42,"\n");

mat_43 :=[[[0, 0, 26, 45, 0, 0, 0, 0],[0, 0, 3, 0, 57, 0, 0, 0],[0, 0, 0, 0, 0, 0, 46, 0],[0, 0, 0, 0, 0, 34, 0, 0],[0, 0, 0, 0, 0, 12, 30, 32],[0, 0, 0, 0, 0, 0, 0, 0],[0, 0, 0, 0, 0, 0, 0, 0],[0, 0, 0, 0, 0, 0, 0, 0]],[[0, 0, 0, 0, 0, 0, 0, 0],[0, 0, 0, 0, 0, 0, 0, 0],[60, 58, 0, 0, 0, 0, 0, 0],[52, 0, 0, 0, 0, 0, 0, 0],[0, 41, 0, 0, 0, 0, 0, 0],[0, 0, 0, 57, 29, 0, 0, 0],[0, 0, 25, 0, 14, 0, 0, 0],[0, 0, 0, 0, 24, 0, 0, 0]]];

L_43 := LieAlgebra(Rationals, mat_43);

S_43 := SemiSimpleType(L_43);

PrintTo("*stdout*",S_43,"\n");

mat_44 :=[[[0, 0, 43, 34, 0, 0, 0, 0],[0, 0, 46, 0, 60, 0, 0, 0],[0, 0, 0, 0, 0, 0, 58, 0],[0, 0, 0, 0, 0, 33, 0, 0],[0, 0, 0, 0, 0, 58, 7, 4],[0, 0, 0, 0, 0, 0, 0, 0],[0, 0, 0, 0, 0, 0, 0, 0],[0, 0, 0, 0, 0, 0, 0, 0]],[[0, 0, 0, 0, 0, 0, 0, 0],[0, 0, 0, 0, 0, 0, 0, 0],[19, 32, 0, 0, 0, 0, 0, 0],[35, 0, 0, 0, 0, 0, 0, 0],[0, 55, 0, 0, 0, 0, 0, 0],[0, 0, 0, 26, 33, 0, 0, 0],[0, 0, 33, 0, 43, 0, 0, 0],[0, 0, 0, 0, 2, 0, 0, 0]]];

L_44 := LieAlgebra(Rationals, mat_44);

S_44 := SemiSimpleType(L_44);

PrintTo("*stdout*",S_44,"\n");

mat_45 :=[[[0, 0, 49, 9, 0, 0, 0, 0],[0, 0, 29, 0, 16, 0, 0, 0],[0, 0, 0, 0, 0, 0, 23, 0],[0, 0, 0, 0, 0, 40, 0, 0],[0, 0, 0, 0, 0, 11, 17, 12],[0, 0, 0, 0, 0, 0, 0, 0],[0, 0, 0, 0, 0, 0, 0, 0],[0, 0, 0, 0, 0, 0, 0, 0]],[[0, 0, 0, 0, 0, 0, 0, 0],[0, 0, 0, 0, 0, 0, 0, 0],[12, 53, 0, 0, 0, 0, 0, 0],[20, 0, 0, 0, 0, 0, 0, 0],[0, 29, 0, 0, 0, 0, 0, 0],[0, 0, 0, 11, 59, 0, 0, 0],[0, 0, 25, 0, 25, 0, 0, 0],[0, 0, 0, 0, 51, 0, 0, 0]]];

L_45 := LieAlgebra(Rationals, mat_45);

S_45 := SemiSimpleType(L_45);

PrintTo("*stdout*",S_45,"\n");

mat_46 :=[[[0, 0, 37, 23, 0, 0, 0, 0],[0, 0, 53, 0, 48, 0, 0, 0],[0, 0, 0, 0, 0, 0, 28, 0],[0, 0, 0, 0, 0, 49, 0, 0],[0, 0, 0, 0, 0, 54, 26, 21],[0, 0, 0, 0, 0, 0, 0, 0],[0, 0, 0, 0, 0, 0, 0, 0],[0, 0, 0, 0, 0, 0, 0, 0]],[[0, 0, 0, 0, 0, 0, 0, 0],[0, 0, 0, 0, 0, 0, 0, 0],[36, 43, 0, 0, 0, 0, 0, 0],[55, 0, 0, 0, 0, 0, 0, 0],[0, 23, 0, 0, 0, 0, 0, 0],[0, 0, 0, 58, 33, 0, 0, 0],[0, 0, 45, 0, 33, 0, 0, 0],[0, 0, 0, 0, 19, 0, 0, 0]]];

L_46 := LieAlgebra(Rationals, mat_46);

S_46 := SemiSimpleType(L_46);

PrintTo("*stdout*",S_46,"\n");

mat_47 :=[[[0, 0, 5, 11, 0, 0, 0, 0],[0, 0, 6, 0, 28, 0, 0, 0],[0, 0, 0, 0, 0, 0, 1, 0],[0, 0, 0, 0, 0, 55, 0, 0],[0, 0, 0, 0, 0, 39, 1, 2],[0, 0, 0, 0, 0, 0, 0, 0],[0, 0, 0, 0, 0, 0, 0, 0],[0, 0, 0, 0, 0, 0, 0, 0]],[[0, 0, 0, 0, 0, 0, 0, 0],[0, 0, 0, 0, 0, 0, 0, 0],[13, 8, 0, 0, 0, 0, 0, 0],[28, 0, 0, 0, 0, 0, 0, 0],[0, 1, 0, 0, 0, 0, 0, 0],[0, 0, 0, 22, 47, 0, 0, 0],[0, 0, 44, 0, 27, 0, 0, 0],[0, 0, 0, 0, 27, 0, 0, 0]]];

L_47 := LieAlgebra(Rationals, mat_47);

S_47 := SemiSimpleType(L_47);

PrintTo("*stdout*",S_47,"\n");

mat_48 :=[[[0, 0, 3, 3, 0, 0, 0, 0],[0, 0, 6, 0, 36, 0, 0, 0],[0, 0, 0, 0, 0, 0, 15, 0],[0, 0, 0, 0, 0, 51, 0, 0],[0, 0, 0, 0, 0, 52, 58, 30],[0, 0, 0, 0, 0, 0, 0, 0],[0, 0, 0, 0, 0, 0, 0, 0],[0, 0, 0, 0, 0, 0, 0, 0]],[[0, 0, 0, 0, 0, 0, 0, 0],[0, 0, 0, 0, 0, 0, 0, 0],[14, 33, 0, 0, 0, 0, 0, 0],[14, 0, 0, 0, 0, 0, 0, 0],[0, 46, 0, 0, 0, 0, 0, 0],[0, 0, 0, 28, 39, 0, 0, 0],[0, 0, 21, 0, 56, 0, 0, 0],[0, 0, 0, 0, 10, 0, 0, 0]]];

L_48 := LieAlgebra(Rationals, mat_48);

S_48 := SemiSimpleType(L_48);

PrintTo("*stdout*",S_48,"\n");

mat_49 :=[[[0, 0, 43, 35, 0, 0, 0, 0],[0, 0, 26, 0, 54, 0, 0, 0],[0, 0, 0, 0, 0, 0, 24, 0],[0, 0, 0, 0, 0, 11, 0, 0],[0, 0, 0, 0, 0, 39, 38, 20],[0, 0, 0, 0, 0, 0, 0, 0],[0, 0, 0, 0, 0, 0, 0, 0],[0, 0, 0, 0, 0, 0, 0, 0]],[[0, 0, 0, 0, 0, 0, 0, 0],[0, 0, 0, 0, 0, 0, 0, 0],[49, 59, 0, 0, 0, 0, 0, 0],[60, 0, 0, 0, 0, 0, 0, 0],[0, 8, 0, 0, 0, 0, 0, 0],[0, 0, 0, 2, 37, 0, 0, 0],[0, 0, 14, 0, 7, 0, 0, 0],[0, 0, 0, 0, 25, 0, 0, 0]]];

L_49 := LieAlgebra(Rationals, mat_49);

S_49 := SemiSimpleType(L_49);

PrintTo("*stdout*",S_49,"\n");

mat_50 :=[[[0, 0, 54, 33, 0, 0, 0, 0],[0, 0, 23, 0, 13, 0, 0, 0],[0, 0, 0, 0, 0, 0, 27, 0],[0, 0, 0, 0, 0, 58, 0, 0],[0, 0, 0, 0, 0, 8, 29, 52],[0, 0, 0, 0, 0, 0, 0, 0],[0, 0, 0, 0, 0, 0, 0, 0],[0, 0, 0, 0, 0, 0, 0, 0]],[[0, 0, 0, 0, 0, 0, 0, 0],[0, 0, 0, 0, 0, 0, 0, 0],[3, 59, 0, 0, 0, 0, 0, 0],[42, 0, 0, 0, 0, 0, 0, 0],[0, 17, 0, 0, 0, 0, 0, 0],[0, 0, 0, 42, 55, 0, 0, 0],[0, 0, 9, 0, 37, 0, 0, 0],[0, 0, 0, 0, 54, 0, 0, 0]]];

L_50 := LieAlgebra(Rationals, mat_50);

S_50 := SemiSimpleType(L_50);

PrintTo("*stdout*",S_50,"\n");

mat_51 :=[[[0, 0, 12, 46, 0, 0, 0, 0],[0, 0, 21, 0, 26, 0, 0, 0],[0, 0, 0, 0, 0, 0, 10, 0],[0, 0, 0, 0, 0, 50, 0, 0],[0, 0, 0, 0, 0, 38, 45, 49],[0, 0, 0, 0, 0, 0, 0, 0],[0, 0, 0, 0, 0, 0, 0, 0],[0, 0, 0, 0, 0, 0, 0, 0]],[[0, 0, 0, 0, 0, 0, 0, 0],[0, 0, 0, 0, 0, 0, 0, 0],[5, 30, 0, 0, 0, 0, 0, 0],[58, 0, 0, 0, 0, 0, 0, 0],[0, 46, 0, 0, 0, 0, 0, 0],[0, 0, 0, 50, 10, 0, 0, 0],[0, 0, 45, 0, 28, 0, 0, 0],[0, 0, 0, 0, 38, 0, 0, 0]]];

L_51 := LieAlgebra(Rationals, mat_51);

S_51 := SemiSimpleType(L_51);

PrintTo("*stdout*",S_51,"\n");

mat_52 :=[[[0, 0, 56, 51, 0, 0, 0, 0],[0, 0, 54, 0, 35, 0, 0, 0],[0, 0, 0, 0, 0, 0, 35, 0],[0, 0, 0, 0, 0, 52, 0, 0],[0, 0, 0, 0, 0, 3, 54, 25],[0, 0, 0, 0, 0, 0, 0, 0],[0, 0, 0, 0, 0, 0, 0, 0],[0, 0, 0, 0, 0, 0, 0, 0]],[[0, 0, 0, 0, 0, 0, 0, 0],[0, 0, 0, 0, 0, 0, 0, 0],[3, 10, 0, 0, 0, 0, 0, 0],[45, 0, 0, 0, 0, 0, 0, 0],[0, 9, 0, 0, 0, 0, 0, 0],[0, 0, 0, 16, 20, 0, 0, 0],[0, 0, 37, 0, 25, 0, 0, 0],[0, 0, 0, 0, 25, 0, 0, 0]]];

L_52 := LieAlgebra(Rationals, mat_52);

S_52 := SemiSimpleType(L_52);

PrintTo("*stdout*",S_52,"\n");

mat_53 :=[[[0, 0, 24, 37, 0, 0, 0, 0],[0, 0, 11, 0, 12, 0, 0, 0],[0, 0, 0, 0, 0, 0, 6, 0],[0, 0, 0, 0, 0, 20, 0, 0],[0, 0, 0, 0, 0, 47, 15, 45],[0, 0, 0, 0, 0, 0, 0, 0],[0, 0, 0, 0, 0, 0, 0, 0],[0, 0, 0, 0, 0, 0, 0, 0]],[[0, 0, 0, 0, 0, 0, 0, 0],[0, 0, 0, 0, 0, 0, 0, 0],[42, 50, 0, 0, 0, 0, 0, 0],[50, 0, 0, 0, 0, 0, 0, 0],[0, 18, 0, 0, 0, 0, 0, 0],[0, 0, 0, 32, 20, 0, 0, 0],[0, 0, 19, 0, 50, 0, 0, 0],[0, 0, 0, 0, 49, 0, 0, 0]]];

L_53 := LieAlgebra(Rationals, mat_53);

S_53 := SemiSimpleType(L_53);

PrintTo("*stdout*",S_53,"\n");

mat_54 :=[[[0, 0, 34, 16, 0, 0, 0, 0],[0, 0, 41, 0, 15, 0, 0, 0],[0, 0, 0, 0, 0, 0, 28, 0],[0, 0, 0, 0, 0, 24, 0, 0],[0, 0, 0, 0, 0, 33, 60, 46],[0, 0, 0, 0, 0, 0, 0, 0],[0, 0, 0, 0, 0, 0, 0, 0],[0, 0, 0, 0, 0, 0, 0, 0]],[[0, 0, 0, 0, 0, 0, 0, 0],[0, 0, 0, 0, 0, 0, 0, 0],[59, 32, 0, 0, 0, 0, 0, 0],[15, 0, 0, 0, 0, 0, 0, 0],[0, 4, 0, 0, 0, 0, 0, 0],[0, 0, 0, 37, 52, 0, 0, 0],[0, 0, 46, 0, 60, 0, 0, 0],[0, 0, 0, 0, 56, 0, 0, 0]]];

L_54 := LieAlgebra(Rationals, mat_54);

S_54 := SemiSimpleType(L_54);

PrintTo("*stdout*",S_54,"\n");

mat_55 :=[[[0, 0, 25, 1, 0, 0, 0, 0],[0, 0, 33, 0, 13, 0, 0, 0],[0, 0, 0, 0, 0, 0, 14, 0],[0, 0, 0, 0, 0, 20, 0, 0],[0, 0, 0, 0, 0, 6, 45, 45],[0, 0, 0, 0, 0, 0, 0, 0],[0, 0, 0, 0, 0, 0, 0, 0],[0, 0, 0, 0, 0, 0, 0, 0]],[[0, 0, 0, 0, 0, 0, 0, 0],[0, 0, 0, 0, 0, 0, 0, 0],[33, 50, 0, 0, 0, 0, 0, 0],[21, 0, 0, 0, 0, 0, 0, 0],[0, 34, 0, 0, 0, 0, 0, 0],[0, 0, 0, 54, 22, 0, 0, 0],[0, 0, 58, 0, 33, 0, 0, 0],[0, 0, 0, 0, 21, 0, 0, 0]]];

L_55 := LieAlgebra(Rationals, mat_55);

S_55 := SemiSimpleType(L_55);

PrintTo("*stdout*",S_55,"\n");

mat_56 :=[[[0, 0, 38, 48, 0, 0, 0, 0],[0, 0, 45, 0, 8, 0, 0, 0],[0, 0, 0, 0, 0, 0, 50, 0],[0, 0, 0, 0, 0, 2, 0, 0],[0, 0, 0, 0, 0, 25, 44, 47],[0, 0, 0, 0, 0, 0, 0, 0],[0, 0, 0, 0, 0, 0, 0, 0],[0, 0, 0, 0, 0, 0, 0, 0]],[[0, 0, 0, 0, 0, 0, 0, 0],[0, 0, 0, 0, 0, 0, 0, 0],[23, 54, 0, 0, 0, 0, 0, 0],[45, 0, 0, 0, 0, 0, 0, 0],[0, 15, 0, 0, 0, 0, 0, 0],[0, 0, 0, 14, 22, 0, 0, 0],[0, 0, 8, 0, 18, 0, 0, 0],[0, 0, 0, 0, 56, 0, 0, 0]]];

L_56 := LieAlgebra(Rationals, mat_56);

S_56 := SemiSimpleType(L_56);

PrintTo("*stdout*",S_56,"\n");

mat_57 :=[[[0, 0, 4, 36, 0, 0, 0, 0],[0, 0, 10, 0, 51, 0, 0, 0],[0, 0, 0, 0, 0, 0, 11, 0],[0, 0, 0, 0, 0, 31, 0, 0],[0, 0, 0, 0, 0, 60, 22, 3],[0, 0, 0, 0, 0, 0, 0, 0],[0, 0, 0, 0, 0, 0, 0, 0],[0, 0, 0, 0, 0, 0, 0, 0]],[[0, 0, 0, 0, 0, 0, 0, 0],[0, 0, 0, 0, 0, 0, 0, 0],[13, 21, 0, 0, 0, 0, 0, 0],[24, 0, 0, 0, 0, 0, 0, 0],[0, 14, 0, 0, 0, 0, 0, 0],[0, 0, 0, 41, 58, 0, 0, 0],[0, 0, 57, 0, 27, 0, 0, 0],[0, 0, 0, 0, 57, 0, 0, 0]]];

L_57 := LieAlgebra(Rationals, mat_57);

S_57 := SemiSimpleType(L_57);

PrintTo("*stdout*",S_57,"\n");

mat_58 :=[[[0, 0, 1, 37, 0, 0, 0, 0],[0, 0, 49, 0, 14, 0, 0, 0],[0, 0, 0, 0, 0, 0, 56, 0],[0, 0, 0, 0, 0, 46, 0, 0],[0, 0, 0, 0, 0, 50, 35, 48],[0, 0, 0, 0, 0, 0, 0, 0],[0, 0, 0, 0, 0, 0, 0, 0],[0, 0, 0, 0, 0, 0, 0, 0]],[[0, 0, 0, 0, 0, 0, 0, 0],[0, 0, 0, 0, 0, 0, 0, 0],[20, 19, 0, 0, 0, 0, 0, 0],[14, 0, 0, 0, 0, 0, 0, 0],[0, 36, 0, 0, 0, 0, 0, 0],[0, 0, 0, 18, 25, 0, 0, 0],[0, 0, 50, 0, 52, 0, 0, 0],[0, 0, 0, 0, 37, 0, 0, 0]]];

L_58 := LieAlgebra(Rationals, mat_58);

S_58 := SemiSimpleType(L_58);

PrintTo("*stdout*",S_58,"\n");

mat_59 :=[[[0, 0, 60, 13, 0, 0, 0, 0],[0, 0, 50, 0, 41, 0, 0, 0],[0, 0, 0, 0, 0, 0, 15, 0],[0, 0, 0, 0, 0, 29, 0, 0],[0, 0, 0, 0, 0, 24, 36, 49],[0, 0, 0, 0, 0, 0, 0, 0],[0, 0, 0, 0, 0, 0, 0, 0],[0, 0, 0, 0, 0, 0, 0, 0]],[[0, 0, 0, 0, 0, 0, 0, 0],[0, 0, 0, 0, 0, 0, 0, 0],[7, 51, 0, 0, 0, 0, 0, 0],[50, 0, 0, 0, 0, 0, 0, 0],[0, 22, 0, 0, 0, 0, 0, 0],[0, 0, 0, 35, 43, 0, 0, 0],[0, 0, 26, 0, 45, 0, 0, 0],[0, 0, 0, 0, 46, 0, 0, 0]]];

L_59 := LieAlgebra(Rationals, mat_59);

S_59 := SemiSimpleType(L_59);

PrintTo("*stdout*",S_59,"\n");

mat_60 :=[[[0, 0, 24, 26, 0, 0, 0, 0],[0, 0, 58, 0, 35, 0, 0, 0],[0, 0, 0, 0, 0, 0, 51, 0],[0, 0, 0, 0, 0, 17, 0, 0],[0, 0, 0, 0, 0, 38, 36, 58],[0, 0, 0, 0, 0, 0, 0, 0],[0, 0, 0, 0, 0, 0, 0, 0],[0, 0, 0, 0, 0, 0, 0, 0]],[[0, 0, 0, 0, 0, 0, 0, 0],[0, 0, 0, 0, 0, 0, 0, 0],[6, 32, 0, 0, 0, 0, 0, 0],[31, 0, 0, 0, 0, 0, 0, 0],[0, 6, 0, 0, 0, 0, 0, 0],[0, 0, 0, 54, 27, 0, 0, 0],[0, 0, 55, 0, 47, 0, 0, 0],[0, 0, 0, 0, 9, 0, 0, 0]]];

L_60 := LieAlgebra(Rationals, mat_60);

S_60 := SemiSimpleType(L_60);

PrintTo("*stdout*",S_60,"\n");

mat_61 :=[[[0, 0, 38, 16, 0, 0, 0, 0],[0, 0, 27, 0, 51, 0, 0, 0],[0, 0, 0, 0, 0, 0, 12, 0],[0, 0, 0, 0, 0, 19, 0, 0],[0, 0, 0, 0, 0, 29, 21, 48],[0, 0, 0, 0, 0, 0, 0, 0],[0, 0, 0, 0, 0, 0, 0, 0],[0, 0, 0, 0, 0, 0, 0, 0]],[[0, 0, 0, 0, 0, 0, 0, 0],[0, 0, 0, 0, 0, 0, 0, 0],[60, 15, 0, 0, 0, 0, 0, 0],[10, 0, 0, 0, 0, 0, 0, 0],[0, 43, 0, 0, 0, 0, 0, 0],[0, 0, 0, 59, 59, 0, 0, 0],[0, 0, 23, 0, 39, 0, 0, 0],[0, 0, 0, 0, 52, 0, 0, 0]]];

L_61 := LieAlgebra(Rationals, mat_61);

S_61 := SemiSimpleType(L_61);

PrintTo("*stdout*",S_61,"\n");

mat_62 :=[[[0, 0, 25, 38, 0, 0, 0, 0],[0, 0, 60, 0, 34, 0, 0, 0],[0, 0, 0, 0, 0, 0, 57, 0],[0, 0, 0, 0, 0, 44, 0, 0],[0, 0, 0, 0, 0, 30, 39, 54],[0, 0, 0, 0, 0, 0, 0, 0],[0, 0, 0, 0, 0, 0, 0, 0],[0, 0, 0, 0, 0, 0, 0, 0]],[[0, 0, 0, 0, 0, 0, 0, 0],[0, 0, 0, 0, 0, 0, 0, 0],[12, 60, 0, 0, 0, 0, 0, 0],[24, 0, 0, 0, 0, 0, 0, 0],[0, 25, 0, 0, 0, 0, 0, 0],[0, 0, 0, 55, 60, 0, 0, 0],[0, 0, 40, 0, 40, 0, 0, 0],[0, 0, 0, 0, 7, 0, 0, 0]]];

L_62 := LieAlgebra(Rationals, mat_62);

S_62 := SemiSimpleType(L_62);

PrintTo("*stdout*",S_62,"\n");

mat_63 :=[[[0, 0, 3, 38, 0, 0, 0, 0],[0, 0, 35, 0, 58, 0, 0, 0],[0, 0, 0, 0, 0, 0, 45, 0],[0, 0, 0, 0, 0, 40, 0, 0],[0, 0, 0, 0, 0, 32, 16, 58],[0, 0, 0, 0, 0, 0, 0, 0],[0, 0, 0, 0, 0, 0, 0, 0],[0, 0, 0, 0, 0, 0, 0, 0]],[[0, 0, 0, 0, 0, 0, 0, 0],[0, 0, 0, 0, 0, 0, 0, 0],[33, 42, 0, 0, 0, 0, 0, 0],[2, 0, 0, 0, 0, 0, 0, 0],[0, 32, 0, 0, 0, 0, 0, 0],[0, 0, 0, 54, 20, 0, 0, 0],[0, 0, 4, 0, 14, 0, 0, 0],[0, 0, 0, 0, 7, 0, 0, 0]]];

L_63 := LieAlgebra(Rationals, mat_63);

S_63 := SemiSimpleType(L_63);

PrintTo("*stdout*",S_63,"\n");

mat_64 :=[[[0, 0, 19, 14, 0, 0, 0, 0],[0, 0, 40, 0, 4, 0, 0, 0],[0, 0, 0, 0, 0, 0, 17, 0],[0, 0, 0, 0, 0, 17, 0, 0],[0, 0, 0, 0, 0, 53, 27, 46],[0, 0, 0, 0, 0, 0, 0, 0],[0, 0, 0, 0, 0, 0, 0, 0],[0, 0, 0, 0, 0, 0, 0, 0]],[[0, 0, 0, 0, 0, 0, 0, 0],[0, 0, 0, 0, 0, 0, 0, 0],[37, 7, 0, 0, 0, 0, 0, 0],[47, 0, 0, 0, 0, 0, 0, 0],[0, 59, 0, 0, 0, 0, 0, 0],[0, 0, 0, 4, 28, 0, 0, 0],[0, 0, 51, 0, 20, 0, 0, 0],[0, 0, 0, 0, 38, 0, 0, 0]]];

L_64 := LieAlgebra(Rationals, mat_64);

S_64 := SemiSimpleType(L_64);

PrintTo("*stdout*",S_64,"\n");

mat_65 :=[[[0, 0, 14, 35, 0, 0, 0, 0],[0, 0, 37, 0, 36, 0, 0, 0],[0, 0, 0, 0, 0, 0, 27, 0],[0, 0, 0, 0, 0, 3, 0, 0],[0, 0, 0, 0, 0, 31, 25, 7],[0, 0, 0, 0, 0, 0, 0, 0],[0, 0, 0, 0, 0, 0, 0, 0],[0, 0, 0, 0, 0, 0, 0, 0]],[[0, 0, 0, 0, 0, 0, 0, 0],[0, 0, 0, 0, 0, 0, 0, 0],[28, 34, 0, 0, 0, 0, 0, 0],[28, 0, 0, 0, 0, 0, 0, 0],[0, 49, 0, 0, 0, 0, 0, 0],[0, 0, 0, 53, 4, 0, 0, 0],[0, 0, 43, 0, 14, 0, 0, 0],[0, 0, 0, 0, 28, 0, 0, 0]]];

L_65 := LieAlgebra(Rationals, mat_65);

S_65 := SemiSimpleType(L_65);

PrintTo("*stdout*",S_65,"\n");

mat_66 :=[[[0, 0, 58, 48, 0, 0, 0, 0],[0, 0, 28, 0, 21, 0, 0, 0],[0, 0, 0, 0, 0, 0, 4, 0],[0, 0, 0, 0, 0, 45, 0, 0],[0, 0, 0, 0, 0, 31, 12, 26],[0, 0, 0, 0, 0, 0, 0, 0],[0, 0, 0, 0, 0, 0, 0, 0],[0, 0, 0, 0, 0, 0, 0, 0]],[[0, 0, 0, 0, 0, 0, 0, 0],[0, 0, 0, 0, 0, 0, 0, 0],[11, 23, 0, 0, 0, 0, 0, 0],[46, 0, 0, 0, 0, 0, 0, 0],[0, 57, 0, 0, 0, 0, 0, 0],[0, 0, 0, 50, 38, 0, 0, 0],[0, 0, 2, 0, 33, 0, 0, 0],[0, 0, 0, 0, 40, 0, 0, 0]]];

L_66 := LieAlgebra(Rationals, mat_66);

S_66 := SemiSimpleType(L_66);

PrintTo("*stdout*",S_66,"\n");

mat_67 :=[[[0, 0, 44, 6, 0, 0, 0, 0],[0, 0, 53, 0, 1, 0, 0, 0],[0, 0, 0, 0, 0, 0, 18, 0],[0, 0, 0, 0, 0, 11, 0, 0],[0, 0, 0, 0, 0, 56, 5, 35],[0, 0, 0, 0, 0, 0, 0, 0],[0, 0, 0, 0, 0, 0, 0, 0],[0, 0, 0, 0, 0, 0, 0, 0]],[[0, 0, 0, 0, 0, 0, 0, 0],[0, 0, 0, 0, 0, 0, 0, 0],[39, 52, 0, 0, 0, 0, 0, 0],[40, 0, 0, 0, 0, 0, 0, 0],[0, 4, 0, 0, 0, 0, 0, 0],[0, 0, 0, 32, 42, 0, 0, 0],[0, 0, 50, 0, 13, 0, 0, 0],[0, 0, 0, 0, 33, 0, 0, 0]]];

L_67 := LieAlgebra(Rationals, mat_67);

S_67 := SemiSimpleType(L_67);

PrintTo("*stdout*",S_67,"\n");

mat_68 :=[[[0, 0, 43, 58, 0, 0, 0, 0],[0, 0, 27, 0, 6, 0, 0, 0],[0, 0, 0, 0, 0, 0, 4, 0],[0, 0, 0, 0, 0, 38, 0, 0],[0, 0, 0, 0, 0, 48, 42, 21],[0, 0, 0, 0, 0, 0, 0, 0],[0, 0, 0, 0, 0, 0, 0, 0],[0, 0, 0, 0, 0, 0, 0, 0]],[[0, 0, 0, 0, 0, 0, 0, 0],[0, 0, 0, 0, 0, 0, 0, 0],[57, 58, 0, 0, 0, 0, 0, 0],[32, 0, 0, 0, 0, 0, 0, 0],[0, 5, 0, 0, 0, 0, 0, 0],[0, 0, 0, 47, 55, 0, 0, 0],[0, 0, 13, 0, 47, 0, 0, 0],[0, 0, 0, 0, 18, 0, 0, 0]]];

L_68 := LieAlgebra(Rationals, mat_68);

S_68 := SemiSimpleType(L_68);

PrintTo("*stdout*",S_68,"\n");

mat_69 :=[[[0, 0, 10, 51, 0, 0, 0, 0],[0, 0, 48, 0, 17, 0, 0, 0],[0, 0, 0, 0, 0, 0, 14, 0],[0, 0, 0, 0, 0, 20, 0, 0],[0, 0, 0, 0, 0, 50, 50, 35],[0, 0, 0, 0, 0, 0, 0, 0],[0, 0, 0, 0, 0, 0, 0, 0],[0, 0, 0, 0, 0, 0, 0, 0]],[[0, 0, 0, 0, 0, 0, 0, 0],[0, 0, 0, 0, 0, 0, 0, 0],[35, 42, 0, 0, 0, 0, 0, 0],[18, 0, 0, 0, 0, 0, 0, 0],[0, 48, 0, 0, 0, 0, 0, 0],[0, 0, 0, 27, 28, 0, 0, 0],[0, 0, 27, 0, 17, 0, 0, 0],[0, 0, 0, 0, 41, 0, 0, 0]]];

L_69 := LieAlgebra(Rationals, mat_69);

S_69 := SemiSimpleType(L_69);

PrintTo("*stdout*",S_69,"\n");

mat_70 :=[[[0, 0, 55, 55, 0, 0, 0, 0],[0, 0, 45, 0, 16, 0, 0, 0],[0, 0, 0, 0, 0, 0, 42, 0],[0, 0, 0, 0, 0, 8, 0, 0],[0, 0, 0, 0, 0, 8, 12, 9],[0, 0, 0, 0, 0, 0, 0, 0],[0, 0, 0, 0, 0, 0, 0, 0],[0, 0, 0, 0, 0, 0, 0, 0]],[[0, 0, 0, 0, 0, 0, 0, 0],[0, 0, 0, 0, 0, 0, 0, 0],[36, 50, 0, 0, 0, 0, 0, 0],[5, 0, 0, 0, 0, 0, 0, 0],[0, 44, 0, 0, 0, 0, 0, 0],[0, 0, 0, 30, 40, 0, 0, 0],[0, 0, 56, 0, 54, 0, 0, 0],[0, 0, 0, 0, 33, 0, 0, 0]]];

L_70 := LieAlgebra(Rationals, mat_70);

S_70 := SemiSimpleType(L_70);

PrintTo("*stdout*",S_70,"\n");

mat_71 :=[[[0, 0, 17, 59, 0, 0, 0, 0],[0, 0, 3, 0, 20, 0, 0, 0],[0, 0, 0, 0, 0, 0, 59, 0],[0, 0, 0, 0, 0, 22, 0, 0],[0, 0, 0, 0, 0, 19, 8, 55],[0, 0, 0, 0, 0, 0, 0, 0],[0, 0, 0, 0, 0, 0, 0, 0],[0, 0, 0, 0, 0, 0, 0, 0]],[[0, 0, 0, 0, 0, 0, 0, 0],[0, 0, 0, 0, 0, 0, 0, 0],[9, 54, 0, 0, 0, 0, 0, 0],[20, 0, 0, 0, 0, 0, 0, 0],[0, 30, 0, 0, 0, 0, 0, 0],[0, 0, 0, 35, 42, 0, 0, 0],[0, 0, 37, 0, 2, 0, 0, 0],[0, 0, 0, 0, 32, 0, 0, 0]]];

L_71 := LieAlgebra(Rationals, mat_71);

S_71 := SemiSimpleType(L_71);

PrintTo("*stdout*",S_71,"\n");

mat_72 :=[[[0, 0, 2, 50, 0, 0, 0, 0],[0, 0, 21, 0, 51, 0, 0, 0],[0, 0, 0, 0, 0, 0, 15, 0],[0, 0, 0, 0, 0, 35, 0, 0],[0, 0, 0, 0, 0, 57, 3, 4],[0, 0, 0, 0, 0, 0, 0, 0],[0, 0, 0, 0, 0, 0, 0, 0],[0, 0, 0, 0, 0, 0, 0, 0]],[[0, 0, 0, 0, 0, 0, 0, 0],[0, 0, 0, 0, 0, 0, 0, 0],[2, 36, 0, 0, 0, 0, 0, 0],[41, 0, 0, 0, 0, 0, 0, 0],[0, 7, 0, 0, 0, 0, 0, 0],[0, 0, 0, 38, 5, 0, 0, 0],[0, 0, 48, 0, 5, 0, 0, 0],[0, 0, 0, 0, 9, 0, 0, 0]]];

L_72 := LieAlgebra(Rationals, mat_72);

S_72 := SemiSimpleType(L_72);

PrintTo("*stdout*",S_72,"\n");

mat_73 :=[[[0, 0, 48, 6, 0, 0, 0, 0],[0, 0, 15, 0, 15, 0, 0, 0],[0, 0, 0, 0, 0, 0, 7, 0],[0, 0, 0, 0, 0, 52, 0, 0],[0, 0, 0, 0, 0, 42, 45, 40],[0, 0, 0, 0, 0, 0, 0, 0],[0, 0, 0, 0, 0, 0, 0, 0],[0, 0, 0, 0, 0, 0, 0, 0]],[[0, 0, 0, 0, 0, 0, 0, 0],[0, 0, 0, 0, 0, 0, 0, 0],[31, 40, 0, 0, 0, 0, 0, 0],[20, 0, 0, 0, 0, 0, 0, 0],[0, 8, 0, 0, 0, 0, 0, 0],[0, 0, 0, 2, 58, 0, 0, 0],[0, 0, 9, 0, 59, 0, 0, 0],[0, 0, 0, 0, 8, 0, 0, 0]]];

L_73 := LieAlgebra(Rationals, mat_73);

S_73 := SemiSimpleType(L_73);

PrintTo("*stdout*",S_73,"\n");

mat_74 :=[[[0, 0, 29, 40, 0, 0, 0, 0],[0, 0, 18, 0, 46, 0, 0, 0],[0, 0, 0, 0, 0, 0, 34, 0],[0, 0, 0, 0, 0, 26, 0, 0],[0, 0, 0, 0, 0, 17, 46, 54],[0, 0, 0, 0, 0, 0, 0, 0],[0, 0, 0, 0, 0, 0, 0, 0],[0, 0, 0, 0, 0, 0, 0, 0]],[[0, 0, 0, 0, 0, 0, 0, 0],[0, 0, 0, 0, 0, 0, 0, 0],[44, 57, 0, 0, 0, 0, 0, 0],[25, 0, 0, 0, 0, 0, 0, 0],[0, 16, 0, 0, 0, 0, 0, 0],[0, 0, 0, 58, 17, 0, 0, 0],[0, 0, 32, 0, 16, 0, 0, 0],[0, 0, 0, 0, 56, 0, 0, 0]]];

L_74 := LieAlgebra(Rationals, mat_74);

S_74 := SemiSimpleType(L_74);

PrintTo("*stdout*",S_74,"\n");

mat_75 :=[[[0, 0, 5, 18, 0, 0, 0, 0],[0, 0, 36, 0, 13, 0, 0, 0],[0, 0, 0, 0, 0, 0, 39, 0],[0, 0, 0, 0, 0, 48, 0, 0],[0, 0, 0, 0, 0, 31, 40, 48],[0, 0, 0, 0, 0, 0, 0, 0],[0, 0, 0, 0, 0, 0, 0, 0],[0, 0, 0, 0, 0, 0, 0, 0]],[[0, 0, 0, 0, 0, 0, 0, 0],[0, 0, 0, 0, 0, 0, 0, 0],[15, 7, 0, 0, 0, 0, 0, 0],[37, 0, 0, 0, 0, 0, 0, 0],[0, 31, 0, 0, 0, 0, 0, 0],[0, 0, 0, 56, 30, 0, 0, 0],[0, 0, 51, 0, 17, 0, 0, 0],[0, 0, 0, 0, 40, 0, 0, 0]]];

L_75 := LieAlgebra(Rationals, mat_75);

S_75 := SemiSimpleType(L_75);

PrintTo("*stdout*",S_75,"\n");

mat_76 :=[[[0, 0, 56, 31, 0, 0, 0, 0],[0, 0, 59, 0, 12, 0, 0, 0],[0, 0, 0, 0, 0, 0, 7, 0],[0, 0, 0, 0, 0, 18, 0, 0],[0, 0, 0, 0, 0, 24, 26, 19],[0, 0, 0, 0, 0, 0, 0, 0],[0, 0, 0, 0, 0, 0, 0, 0],[0, 0, 0, 0, 0, 0, 0, 0]],[[0, 0, 0, 0, 0, 0, 0, 0],[0, 0, 0, 0, 0, 0, 0, 0],[42, 25, 0, 0, 0, 0, 0, 0],[6, 0, 0, 0, 0, 0, 0, 0],[0, 18, 0, 0, 0, 0, 0, 0],[0, 0, 0, 7, 36, 0, 0, 0],[0, 0, 19, 0, 17, 0, 0, 0],[0, 0, 0, 0, 10, 0, 0, 0]]];

L_76 := LieAlgebra(Rationals, mat_76);

S_76 := SemiSimpleType(L_76);

PrintTo("*stdout*",S_76,"\n");

mat_77 :=[[[0, 0, 1, 18, 0, 0, 0, 0],[0, 0, 34, 0, 53, 0, 0, 0],[0, 0, 0, 0, 0, 0, 3, 0],[0, 0, 0, 0, 0, 55, 0, 0],[0, 0, 0, 0, 0, 8, 51, 49],[0, 0, 0, 0, 0, 0, 0, 0],[0, 0, 0, 0, 0, 0, 0, 0],[0, 0, 0, 0, 0, 0, 0, 0]],[[0, 0, 0, 0, 0, 0, 0, 0],[0, 0, 0, 0, 0, 0, 0, 0],[56, 31, 0, 0, 0, 0, 0, 0],[9, 0, 0, 0, 0, 0, 0, 0],[0, 25, 0, 0, 0, 0, 0, 0],[0, 0, 0, 35, 37, 0, 0, 0],[0, 0, 11, 0, 13, 0, 0, 0],[0, 0, 0, 0, 32, 0, 0, 0]]];

L_77 := LieAlgebra(Rationals, mat_77);

S_77 := SemiSimpleType(L_77);

PrintTo("*stdout*",S_77,"\n");

mat_78 :=[[[0, 0, 60, 30, 0, 0, 0, 0],[0, 0, 42, 0, 25, 0, 0, 0],[0, 0, 0, 0, 0, 0, 3, 0],[0, 0, 0, 0, 0, 18, 0, 0],[0, 0, 0, 0, 0, 49, 21, 5],[0, 0, 0, 0, 0, 0, 0, 0],[0, 0, 0, 0, 0, 0, 0, 0],[0, 0, 0, 0, 0, 0, 0, 0]],[[0, 0, 0, 0, 0, 0, 0, 0],[0, 0, 0, 0, 0, 0, 0, 0],[31, 45, 0, 0, 0, 0, 0, 0],[23, 0, 0, 0, 0, 0, 0, 0],[0, 32, 0, 0, 0, 0, 0, 0],[0, 0, 0, 50, 12, 0, 0, 0],[0, 0, 49, 0, 8, 0, 0, 0],[0, 0, 0, 0, 50, 0, 0, 0]]];

L_78 := LieAlgebra(Rationals, mat_78);

S_78 := SemiSimpleType(L_78);

PrintTo("*stdout*",S_78,"\n");

mat_79 :=[[[0, 0, 39, 1, 0, 0, 0, 0],[0, 0, 54, 0, 31, 0, 0, 0],[0, 0, 0, 0, 0, 0, 33, 0],[0, 0, 0, 0, 0, 37, 0, 0],[0, 0, 0, 0, 0, 46, 52, 23],[0, 0, 0, 0, 0, 0, 0, 0],[0, 0, 0, 0, 0, 0, 0, 0],[0, 0, 0, 0, 0, 0, 0, 0]],[[0, 0, 0, 0, 0, 0, 0, 0],[0, 0, 0, 0, 0, 0, 0, 0],[6, 20, 0, 0, 0, 0, 0, 0],[45, 0, 0, 0, 0, 0, 0, 0],[0, 51, 0, 0, 0, 0, 0, 0],[0, 0, 0, 50, 11, 0, 0, 0],[0, 0, 23, 0, 8, 0, 0, 0],[0, 0, 0, 0, 53, 0, 0, 0]]];

L_79 := LieAlgebra(Rationals, mat_79);

S_79 := SemiSimpleType(L_79);

PrintTo("*stdout*",S_79,"\n");

mat_80 :=[[[0, 0, 3, 42, 0, 0, 0, 0],[0, 0, 45, 0, 27, 0, 0, 0],[0, 0, 0, 0, 0, 0, 23, 0],[0, 0, 0, 0, 0, 59, 0, 0],[0, 0, 0, 0, 0, 24, 27, 10],[0, 0, 0, 0, 0, 0, 0, 0],[0, 0, 0, 0, 0, 0, 0, 0],[0, 0, 0, 0, 0, 0, 0, 0]],[[0, 0, 0, 0, 0, 0, 0, 0],[0, 0, 0, 0, 0, 0, 0, 0],[20, 54, 0, 0, 0, 0, 0, 0],[19, 0, 0, 0, 0, 0, 0, 0],[0, 15, 0, 0, 0, 0, 0, 0],[0, 0, 0, 25, 43, 0, 0, 0],[0, 0, 19, 0, 9, 0, 0, 0],[0, 0, 0, 0, 53, 0, 0, 0]]];

L_80 := LieAlgebra(Rationals, mat_80);

S_80 := SemiSimpleType(L_80);

PrintTo("*stdout*",S_80,"\n");

mat_81 :=[[[0, 0, 5, 28, 0, 0, 0, 0],[0, 0, 2, 0, 46, 0, 0, 0],[0, 0, 0, 0, 0, 0, 43, 0],[0, 0, 0, 0, 0, 13, 0, 0],[0, 0, 0, 0, 0, 41, 34, 52],[0, 0, 0, 0, 0, 0, 0, 0],[0, 0, 0, 0, 0, 0, 0, 0],[0, 0, 0, 0, 0, 0, 0, 0]],[[0, 0, 0, 0, 0, 0, 0, 0],[0, 0, 0, 0, 0, 0, 0, 0],[34, 26, 0, 0, 0, 0, 0, 0],[55, 0, 0, 0, 0, 0, 0, 0],[0, 22, 0, 0, 0, 0, 0, 0],[0, 0, 0, 16, 56, 0, 0, 0],[0, 0, 30, 0, 29, 0, 0, 0],[0, 0, 0, 0, 16, 0, 0, 0]]];

L_81 := LieAlgebra(Rationals, mat_81);

S_81 := SemiSimpleType(L_81);

PrintTo("*stdout*",S_81,"\n");

mat_82 :=[[[0, 0, 26, 43, 0, 0, 0, 0],[0, 0, 25, 0, 11, 0, 0, 0],[0, 0, 0, 0, 0, 0, 52, 0],[0, 0, 0, 0, 0, 36, 0, 0],[0, 0, 0, 0, 0, 23, 14, 14],[0, 0, 0, 0, 0, 0, 0, 0],[0, 0, 0, 0, 0, 0, 0, 0],[0, 0, 0, 0, 0, 0, 0, 0]],[[0, 0, 0, 0, 0, 0, 0, 0],[0, 0, 0, 0, 0, 0, 0, 0],[32, 45, 0, 0, 0, 0, 0, 0],[27, 0, 0, 0, 0, 0, 0, 0],[0, 5, 0, 0, 0, 0, 0, 0],[0, 0, 0, 41, 9, 0, 0, 0],[0, 0, 51, 0, 52, 0, 0, 0],[0, 0, 0, 0, 12, 0, 0, 0]]];

L_82 := LieAlgebra(Rationals, mat_82);

S_82 := SemiSimpleType(L_82);

PrintTo("*stdout*",S_82,"\n");

mat_83 :=[[[0, 0, 37, 33, 0, 0, 0, 0],[0, 0, 10, 0, 1, 0, 0, 0],[0, 0, 0, 0, 0, 0, 47, 0],[0, 0, 0, 0, 0, 46, 0, 0],[0, 0, 0, 0, 0, 26, 4, 36],[0, 0, 0, 0, 0, 0, 0, 0],[0, 0, 0, 0, 0, 0, 0, 0],[0, 0, 0, 0, 0, 0, 0, 0]],[[0, 0, 0, 0, 0, 0, 0, 0],[0, 0, 0, 0, 0, 0, 0, 0],[11, 33, 0, 0, 0, 0, 0, 0],[44, 0, 0, 0, 0, 0, 0, 0],[0, 16, 0, 0, 0, 0, 0, 0],[0, 0, 0, 46, 54, 0, 0, 0],[0, 0, 56, 0, 5, 0, 0, 0],[0, 0, 0, 0, 12, 0, 0, 0]]];

L_83 := LieAlgebra(Rationals, mat_83);

S_83 := SemiSimpleType(L_83);

PrintTo("*stdout*",S_83,"\n");

mat_84 :=[[[0, 0, 45, 42, 0, 0, 0, 0],[0, 0, 47, 0, 31, 0, 0, 0],[0, 0, 0, 0, 0, 0, 26, 0],[0, 0, 0, 0, 0, 37, 0, 0],[0, 0, 0, 0, 0, 52, 41, 32],[0, 0, 0, 0, 0, 0, 0, 0],[0, 0, 0, 0, 0, 0, 0, 0],[0, 0, 0, 0, 0, 0, 0, 0]],[[0, 0, 0, 0, 0, 0, 0, 0],[0, 0, 0, 0, 0, 0, 0, 0],[18, 23, 0, 0, 0, 0, 0, 0],[43, 0, 0, 0, 0, 0, 0, 0],[0, 35, 0, 0, 0, 0, 0, 0],[0, 0, 0, 51, 54, 0, 0, 0],[0, 0, 54, 0, 57, 0, 0, 0],[0, 0, 0, 0, 49, 0, 0, 0]]];

L_84 := LieAlgebra(Rationals, mat_84);

S_84 := SemiSimpleType(L_84);

PrintTo("*stdout*",S_84,"\n");

mat_85 :=[[[0, 0, 1, 1, 0, 0, 0, 0],[0, 0, 6, 0, 16, 0, 0, 0],[0, 0, 0, 0, 0, 0, 2, 0],[0, 0, 0, 0, 0, 26, 0, 0],[0, 0, 0, 0, 0, 21, 33, 56],[0, 0, 0, 0, 0, 0, 0, 0],[0, 0, 0, 0, 0, 0, 0, 0],[0, 0, 0, 0, 0, 0, 0, 0]],[[0, 0, 0, 0, 0, 0, 0, 0],[0, 0, 0, 0, 0, 0, 0, 0],[18, 52, 0, 0, 0, 0, 0, 0],[21, 0, 0, 0, 0, 0, 0, 0],[0, 21, 0, 0, 0, 0, 0, 0],[0, 0, 0, 31, 52, 0, 0, 0],[0, 0, 9, 0, 24, 0, 0, 0],[0, 0, 0, 0, 42, 0, 0, 0]]];

L_85 := LieAlgebra(Rationals, mat_85);

S_85 := SemiSimpleType(L_85);

PrintTo("*stdout*",S_85,"\n");

mat_86 :=[[[0, 0, 38, 28, 0, 0, 0, 0],[0, 0, 29, 0, 57, 0, 0, 0],[0, 0, 0, 0, 0, 0, 6, 0],[0, 0, 0, 0, 0, 17, 0, 0],[0, 0, 0, 0, 0, 27, 36, 53],[0, 0, 0, 0, 0, 0, 0, 0],[0, 0, 0, 0, 0, 0, 0, 0],[0, 0, 0, 0, 0, 0, 0, 0]],[[0, 0, 0, 0, 0, 0, 0, 0],[0, 0, 0, 0, 0, 0, 0, 0],[29, 45, 0, 0, 0, 0, 0, 0],[27, 0, 0, 0, 0, 0, 0, 0],[0, 29, 0, 0, 0, 0, 0, 0],[0, 0, 0, 28, 30, 0, 0, 0],[0, 0, 52, 0, 30, 0, 0, 0],[0, 0, 0, 0, 14, 0, 0, 0]]];

L_86 := LieAlgebra(Rationals, mat_86);

S_86 := SemiSimpleType(L_86);

PrintTo("*stdout*",S_86,"\n");

mat_87 :=[[[0, 0, 6, 5, 0, 0, 0, 0],[0, 0, 54, 0, 14, 0, 0, 0],[0, 0, 0, 0, 0, 0, 52, 0],[0, 0, 0, 0, 0, 43, 0, 0],[0, 0, 0, 0, 0, 53, 57, 9],[0, 0, 0, 0, 0, 0, 0, 0],[0, 0, 0, 0, 0, 0, 0, 0],[0, 0, 0, 0, 0, 0, 0, 0]],[[0, 0, 0, 0, 0, 0, 0, 0],[0, 0, 0, 0, 0, 0, 0, 0],[24, 39, 0, 0, 0, 0, 0, 0],[59, 0, 0, 0, 0, 0, 0, 0],[0, 54, 0, 0, 0, 0, 0, 0],[0, 0, 0, 1, 38, 0, 0, 0],[0, 0, 29, 0, 14, 0, 0, 0],[0, 0, 0, 0, 32, 0, 0, 0]]];

L_87 := LieAlgebra(Rationals, mat_87);

S_87 := SemiSimpleType(L_87);

PrintTo("*stdout*",S_87,"\n");

mat_88 :=[[[0, 0, 44, 37, 0, 0, 0, 0],[0, 0, 36, 0, 27, 0, 0, 0],[0, 0, 0, 0, 0, 0, 15, 0],[0, 0, 0, 0, 0, 26, 0, 0],[0, 0, 0, 0, 0, 1, 37, 58],[0, 0, 0, 0, 0, 0, 0, 0],[0, 0, 0, 0, 0, 0, 0, 0],[0, 0, 0, 0, 0, 0, 0, 0]],[[0, 0, 0, 0, 0, 0, 0, 0],[0, 0, 0, 0, 0, 0, 0, 0],[6, 54, 0, 0, 0, 0, 0, 0],[3, 0, 0, 0, 0, 0, 0, 0],[0, 15, 0, 0, 0, 0, 0, 0],[0, 0, 0, 49, 9, 0, 0, 0],[0, 0, 1, 0, 53, 0, 0, 0],[0, 0, 0, 0, 6, 0, 0, 0]]];

L_88 := LieAlgebra(Rationals, mat_88);

S_88 := SemiSimpleType(L_88);

PrintTo("*stdout*",S_88,"\n");

mat_89 :=[[[0, 0, 22, 36, 0, 0, 0, 0],[0, 0, 36, 0, 41, 0, 0, 0],[0, 0, 0, 0, 0, 0, 39, 0],[0, 0, 0, 0, 0, 27, 0, 0],[0, 0, 0, 0, 0, 9, 46, 15],[0, 0, 0, 0, 0, 0, 0, 0],[0, 0, 0, 0, 0, 0, 0, 0],[0, 0, 0, 0, 0, 0, 0, 0]],[[0, 0, 0, 0, 0, 0, 0, 0],[0, 0, 0, 0, 0, 0, 0, 0],[40, 6, 0, 0, 0, 0, 0, 0],[52, 0, 0, 0, 0, 0, 0, 0],[0, 59, 0, 0, 0, 0, 0, 0],[0, 0, 0, 51, 51, 0, 0, 0],[0, 0, 2, 0, 3, 0, 0, 0],[0, 0, 0, 0, 33, 0, 0, 0]]];

L_89 := LieAlgebra(Rationals, mat_89);

S_89 := SemiSimpleType(L_89);

PrintTo("*stdout*",S_89,"\n");

mat_90 :=[[[0, 0, 57, 20, 0, 0, 0, 0],[0, 0, 49, 0, 37, 0, 0, 0],[0, 0, 0, 0, 0, 0, 48, 0],[0, 0, 0, 0, 0, 48, 0, 0],[0, 0, 0, 0, 0, 3, 17, 40],[0, 0, 0, 0, 0, 0, 0, 0],[0, 0, 0, 0, 0, 0, 0, 0],[0, 0, 0, 0, 0, 0, 0, 0]],[[0, 0, 0, 0, 0, 0, 0, 0],[0, 0, 0, 0, 0, 0, 0, 0],[30, 45, 0, 0, 0, 0, 0, 0],[59, 0, 0, 0, 0, 0, 0, 0],[0, 35, 0, 0, 0, 0, 0, 0],[0, 0, 0, 16, 54, 0, 0, 0],[0, 0, 18, 0, 27, 0, 0, 0],[0, 0, 0, 0, 49, 0, 0, 0]]];

L_90 := LieAlgebra(Rationals, mat_90);

S_90 := SemiSimpleType(L_90);

PrintTo("*stdout*",S_90,"\n");

mat_91 :=[[[0, 0, 6, 52, 0, 0, 0, 0],[0, 0, 2, 0, 54, 0, 0, 0],[0, 0, 0, 0, 0, 0, 54, 0],[0, 0, 0, 0, 0, 32, 0, 0],[0, 0, 0, 0, 0, 8, 11, 43],[0, 0, 0, 0, 0, 0, 0, 0],[0, 0, 0, 0, 0, 0, 0, 0],[0, 0, 0, 0, 0, 0, 0, 0]],[[0, 0, 0, 0, 0, 0, 0, 0],[0, 0, 0, 0, 0, 0, 0, 0],[50, 46, 0, 0, 0, 0, 0, 0],[3, 0, 0, 0, 0, 0, 0, 0],[0, 58, 0, 0, 0, 0, 0, 0],[0, 0, 0, 39, 21, 0, 0, 0],[0, 0, 21, 0, 13, 0, 0, 0],[0, 0, 0, 0, 48, 0, 0, 0]]];

L_91 := LieAlgebra(Rationals, mat_91);

S_91 := SemiSimpleType(L_91);

PrintTo("*stdout*",S_91,"\n");

mat_92 :=[[[0, 0, 44, 17, 0, 0, 0, 0],[0, 0, 35, 0, 26, 0, 0, 0],[0, 0, 0, 0, 0, 0, 6, 0],[0, 0, 0, 0, 0, 2, 0, 0],[0, 0, 0, 0, 0, 30, 17, 21],[0, 0, 0, 0, 0, 0, 0, 0],[0, 0, 0, 0, 0, 0, 0, 0],[0, 0, 0, 0, 0, 0, 0, 0]],[[0, 0, 0, 0, 0, 0, 0, 0],[0, 0, 0, 0, 0, 0, 0, 0],[18, 24, 0, 0, 0, 0, 0, 0],[11, 0, 0, 0, 0, 0, 0, 0],[0, 42, 0, 0, 0, 0, 0, 0],[0, 0, 0, 40, 27, 0, 0, 0],[0, 0, 13, 0, 26, 0, 0, 0],[0, 0, 0, 0, 11, 0, 0, 0]]];

L_92 := LieAlgebra(Rationals, mat_92);

S_92 := SemiSimpleType(L_92);

PrintTo("*stdout*",S_92,"\n");

mat_93 :=[[[0, 0, 12, 37, 0, 0, 0, 0],[0, 0, 17, 0, 34, 0, 0, 0],[0, 0, 0, 0, 0, 0, 57, 0],[0, 0, 0, 0, 0, 43, 0, 0],[0, 0, 0, 0, 0, 41, 58, 47],[0, 0, 0, 0, 0, 0, 0, 0],[0, 0, 0, 0, 0, 0, 0, 0],[0, 0, 0, 0, 0, 0, 0, 0]],[[0, 0, 0, 0, 0, 0, 0, 0],[0, 0, 0, 0, 0, 0, 0, 0],[37, 4, 0, 0, 0, 0, 0, 0],[57, 0, 0, 0, 0, 0, 0, 0],[0, 17, 0, 0, 0, 0, 0, 0],[0, 0, 0, 47, 29, 0, 0, 0],[0, 0, 60, 0, 41, 0, 0, 0],[0, 0, 0, 0, 26, 0, 0, 0]]];

L_93 := LieAlgebra(Rationals, mat_93);

S_93 := SemiSimpleType(L_93);

PrintTo("*stdout*",S_93,"\n");

mat_94 :=[[[0, 0, 23, 13, 0, 0, 0, 0],[0, 0, 23, 0, 2, 0, 0, 0],[0, 0, 0, 0, 0, 0, 29, 0],[0, 0, 0, 0, 0, 21, 0, 0],[0, 0, 0, 0, 0, 59, 34, 51],[0, 0, 0, 0, 0, 0, 0, 0],[0, 0, 0, 0, 0, 0, 0, 0],[0, 0, 0, 0, 0, 0, 0, 0]],[[0, 0, 0, 0, 0, 0, 0, 0],[0, 0, 0, 0, 0, 0, 0, 0],[25, 50, 0, 0, 0, 0, 0, 0],[28, 0, 0, 0, 0, 0, 0, 0],[0, 60, 0, 0, 0, 0, 0, 0],[0, 0, 0, 56, 45, 0, 0, 0],[0, 0, 32, 0, 35, 0, 0, 0],[0, 0, 0, 0, 59, 0, 0, 0]]];

L_94 := LieAlgebra(Rationals, mat_94);

S_94 := SemiSimpleType(L_94);

PrintTo("*stdout*",S_94,"\n");

mat_95 :=[[[0, 0, 50, 58, 0, 0, 0, 0],[0, 0, 39, 0, 23, 0, 0, 0],[0, 0, 0, 0, 0, 0, 29, 0],[0, 0, 0, 0, 0, 55, 0, 0],[0, 0, 0, 0, 0, 1, 10, 29],[0, 0, 0, 0, 0, 0, 0, 0],[0, 0, 0, 0, 0, 0, 0, 0],[0, 0, 0, 0, 0, 0, 0, 0]],[[0, 0, 0, 0, 0, 0, 0, 0],[0, 0, 0, 0, 0, 0, 0, 0],[33, 40, 0, 0, 0, 0, 0, 0],[4, 0, 0, 0, 0, 0, 0, 0],[0, 54, 0, 0, 0, 0, 0, 0],[0, 0, 0, 27, 17, 0, 0, 0],[0, 0, 7, 0, 60, 0, 0, 0],[0, 0, 0, 0, 37, 0, 0, 0]]];

L_95 := LieAlgebra(Rationals, mat_95);

S_95 := SemiSimpleType(L_95);

PrintTo("*stdout*",S_95,"\n");

mat_96 :=[[[0, 0, 16, 8, 0, 0, 0, 0],[0, 0, 33, 0, 50, 0, 0, 0],[0, 0, 0, 0, 0, 0, 51, 0],[0, 0, 0, 0, 0, 51, 0, 0],[0, 0, 0, 0, 0, 13, 33, 53],[0, 0, 0, 0, 0, 0, 0, 0],[0, 0, 0, 0, 0, 0, 0, 0],[0, 0, 0, 0, 0, 0, 0, 0]],[[0, 0, 0, 0, 0, 0, 0, 0],[0, 0, 0, 0, 0, 0, 0, 0],[8, 54, 0, 0, 0, 0, 0, 0],[52, 0, 0, 0, 0, 0, 0, 0],[0, 14, 0, 0, 0, 0, 0, 0],[0, 0, 0, 29, 51, 0, 0, 0],[0, 0, 5, 0, 29, 0, 0, 0],[0, 0, 0, 0, 25, 0, 0, 0]]];

L_96 := LieAlgebra(Rationals, mat_96);

S_96 := SemiSimpleType(L_96);

PrintTo("*stdout*",S_96,"\n");

mat_97 :=[[[0, 0, 31, 8, 0, 0, 0, 0],[0, 0, 8, 0, 53, 0, 0, 0],[0, 0, 0, 0, 0, 0, 37, 0],[0, 0, 0, 0, 0, 16, 0, 0],[0, 0, 0, 0, 0, 52, 4, 28],[0, 0, 0, 0, 0, 0, 0, 0],[0, 0, 0, 0, 0, 0, 0, 0],[0, 0, 0, 0, 0, 0, 0, 0]],[[0, 0, 0, 0, 0, 0, 0, 0],[0, 0, 0, 0, 0, 0, 0, 0],[44, 25, 0, 0, 0, 0, 0, 0],[21, 0, 0, 0, 0, 0, 0, 0],[0, 32, 0, 0, 0, 0, 0, 0],[0, 0, 0, 47, 5, 0, 0, 0],[0, 0, 54, 0, 17, 0, 0, 0],[0, 0, 0, 0, 23, 0, 0, 0]]];

L_97 := LieAlgebra(Rationals, mat_97);

S_97 := SemiSimpleType(L_97);

PrintTo("*stdout*",S_97,"\n");

mat_98 :=[[[0, 0, 52, 26, 0, 0, 0, 0],[0, 0, 15, 0, 36, 0, 0, 0],[0, 0, 0, 0, 0, 0, 29, 0],[0, 0, 0, 0, 0, 54, 0, 0],[0, 0, 0, 0, 0, 57, 50, 43],[0, 0, 0, 0, 0, 0, 0, 0],[0, 0, 0, 0, 0, 0, 0, 0],[0, 0, 0, 0, 0, 0, 0, 0]],[[0, 0, 0, 0, 0, 0, 0, 0],[0, 0, 0, 0, 0, 0, 0, 0],[45, 4, 0, 0, 0, 0, 0, 0],[54, 0, 0, 0, 0, 0, 0, 0],[0, 21, 0, 0, 0, 0, 0, 0],[0, 0, 0, 50, 31, 0, 0, 0],[0, 0, 1, 0, 22, 0, 0, 0],[0, 0, 0, 0, 14, 0, 0, 0]]];

L_98 := LieAlgebra(Rationals, mat_98);

S_98 := SemiSimpleType(L_98);

PrintTo("*stdout*",S_98,"\n");

mat_99 :=[[[0, 0, 33, 18, 0, 0, 0, 0],[0, 0, 5, 0, 6, 0, 0, 0],[0, 0, 0, 0, 0, 0, 5, 0],[0, 0, 0, 0, 0, 25, 0, 0],[0, 0, 0, 0, 0, 8, 27, 54],[0, 0, 0, 0, 0, 0, 0, 0],[0, 0, 0, 0, 0, 0, 0, 0],[0, 0, 0, 0, 0, 0, 0, 0]],[[0, 0, 0, 0, 0, 0, 0, 0],[0, 0, 0, 0, 0, 0, 0, 0],[22, 35, 0, 0, 0, 0, 0, 0],[8, 0, 0, 0, 0, 0, 0, 0],[0, 53, 0, 0, 0, 0, 0, 0],[0, 0, 0, 3, 9, 0, 0, 0],[0, 0, 21, 0, 5, 0, 0, 0],[0, 0, 0, 0, 45, 0, 0, 0]]];

L_99 := LieAlgebra(Rationals, mat_99);

S_99 := SemiSimpleType(L_99);

PrintTo("*stdout*",S_99,"\n");

mat_100 :=[[[0, 0, 28, 41, 0, 0, 0, 0],[0, 0, 42, 0, 35, 0, 0, 0],[0, 0, 0, 0, 0, 0, 38, 0],[0, 0, 0, 0, 0, 53, 0, 0],[0, 0, 0, 0, 0, 40, 53, 29],[0, 0, 0, 0, 0, 0, 0, 0],[0, 0, 0, 0, 0, 0, 0, 0],[0, 0, 0, 0, 0, 0, 0, 0]],[[0, 0, 0, 0, 0, 0, 0, 0],[0, 0, 0, 0, 0, 0, 0, 0],[9, 43, 0, 0, 0, 0, 0, 0],[5, 0, 0, 0, 0, 0, 0, 0],[0, 19, 0, 0, 0, 0, 0, 0],[0, 0, 0, 40, 32, 0, 0, 0],[0, 0, 41, 0, 43, 0, 0, 0],[0, 0, 0, 0, 31, 0, 0, 0]]];

L_100 := LieAlgebra(Rationals, mat_100);

S_100 := SemiSimpleType(L_100);

PrintTo("*stdout*",S_100,"\n");

