mat_1 :=[[[0, 0, 0, 0, 1],[0, 0, 0, 0, 0],[0, 0, 0, 0, 0],[0, 0, 0, 0, 0],[0, 0, 0, 0, 0]],[[0, 0, 0, 0, 0],[0, 0, 0, 0, 0],[0, 0, 0, 0, 0],[0, 0, 0, 0, 0],[1, 0, 0, 0, 0]]];

L_1 := LieAlgebra(Rationals, mat_1);

S_1 := SemiSimpleType(L_1);

PrintTo("*stdout*","1. ", S_1,"\n");

mat_2 :=[[[0, 0, 0, 0, 0],[0, 0, 0, 0, 1],[0, 0, 0, 0, 0],[0, 0, 0, 0, 0],[0, 0, 0, 0, 0]],[[0, 0, 0, 0, 0],[0, 0, 0, 0, 0],[0, 0, 0, 0, 0],[0, 0, 0, 0, 0],[0, 1, 0, 0, 0]]];

L_2 := LieAlgebra(Rationals, mat_2);

S_2 := SemiSimpleType(L_2);

PrintTo("*stdout*","2. ", S_2,"\n");

mat_3 :=[[[0, 0, 0, 1, 0],[0, 0, 0, 0, 0],[0, 0, 0, 0, 0],[0, 0, 0, 0, 0],[0, 0, 0, 0, 0]],[[0, 0, 0, 0, 0],[0, 0, 0, 0, 0],[0, 0, 0, 0, 0],[1, 0, 0, 0, 0],[0, 0, 0, 0, 0]]];

L_3 := LieAlgebra(Rationals, mat_3);

S_3 := SemiSimpleType(L_3);

PrintTo("*stdout*","3. ", S_3,"\n");

mat_4 :=[[[0, 0, 0, 0, 0],[0, 0, 0, 1, 0],[0, 0, 0, 0, 0],[0, 0, 0, 0, 0],[0, 0, 0, 0, 0]],[[0, 0, 0, 0, 0],[0, 0, 0, 0, 0],[0, 0, 0, 0, 0],[0, 1, 0, 0, 0],[0, 0, 0, 0, 0]]];

L_4 := LieAlgebra(Rationals, mat_4);

S_4 := SemiSimpleType(L_4);

PrintTo("*stdout*","4. ", S_4,"\n");

mat_5 :=[[[0, 0, 0, 1, 1],[0, 0, 0, 0, 0],[0, 0, 0, 0, 0],[0, 0, 0, 0, 0],[0, 0, 0, 0, 0]],[[0, 0, 0, 0, 0],[0, 0, 0, 0, 0],[0, 0, 0, 0, 0],[1, 0, 0, 0, 0],[1, 0, 0, 0, 0]]];

L_5 := LieAlgebra(Rationals, mat_5);

S_5 := SemiSimpleType(L_5);

PrintTo("*stdout*","5. ", S_5,"\n");

mat_6 :=[[[0, 0, 0, 0, 0],[0, 0, 0, 1, 1],[0, 0, 0, 0, 0],[0, 0, 0, 0, 0],[0, 0, 0, 0, 0]],[[0, 0, 0, 0, 0],[0, 0, 0, 0, 0],[0, 0, 0, 0, 0],[0, 1, 0, 0, 0],[0, 1, 0, 0, 0]]];

L_6 := LieAlgebra(Rationals, mat_6);

S_6 := SemiSimpleType(L_6);

PrintTo("*stdout*","6. ", S_6,"\n");

mat_7 :=[[[0, 0, 1, 0, 0],[0, 0, 0, 0, 0],[0, 0, 0, 0, 0],[0, 0, 0, 0, 0],[0, 0, 0, 0, 0]],[[0, 0, 0, 0, 0],[0, 0, 0, 0, 0],[1, 0, 0, 0, 0],[0, 0, 0, 0, 0],[0, 0, 0, 0, 0]]];

L_7 := LieAlgebra(Rationals, mat_7);

S_7 := SemiSimpleType(L_7);

PrintTo("*stdout*","7. ", S_7,"\n");

mat_8 :=[[[0, 0, 0, 0, 0],[0, 0, 1, 0, 0],[0, 0, 0, 0, 0],[0, 0, 0, 0, 0],[0, 0, 0, 0, 0]],[[0, 0, 0, 0, 0],[0, 0, 0, 0, 0],[0, 1, 0, 0, 0],[0, 0, 0, 0, 0],[0, 0, 0, 0, 0]]];

L_8 := LieAlgebra(Rationals, mat_8);

S_8 := SemiSimpleType(L_8);

PrintTo("*stdout*","8. ", S_8,"\n");

mat_9 :=[[[0, 0, 1, 0, 1],[0, 0, 0, 0, 0],[0, 0, 0, 0, 0],[0, 0, 0, 0, 0],[0, 0, 0, 0, 0]],[[0, 0, 0, 0, 0],[0, 0, 0, 0, 0],[1, 0, 0, 0, 0],[0, 0, 0, 0, 0],[1, 0, 0, 0, 0]]];

L_9 := LieAlgebra(Rationals, mat_9);

S_9 := SemiSimpleType(L_9);

PrintTo("*stdout*","9. ", S_9,"\n");

mat_10 :=[[[0, 0, 0, 0, 0],[0, 0, 1, 0, 1],[0, 0, 0, 0, 0],[0, 0, 0, 0, 0],[0, 0, 0, 0, 0]],[[0, 0, 0, 0, 0],[0, 0, 0, 0, 0],[0, 1, 0, 0, 0],[0, 0, 0, 0, 0],[0, 1, 0, 0, 0]]];

L_10 := LieAlgebra(Rationals, mat_10);

S_10 := SemiSimpleType(L_10);

PrintTo("*stdout*","10. ", S_10,"\n");

mat_11 :=[[[0, 0, 1, 1, 0],[0, 0, 0, 0, 0],[0, 0, 0, 0, 0],[0, 0, 0, 0, 0],[0, 0, 0, 0, 0]],[[0, 0, 0, 0, 0],[0, 0, 0, 0, 0],[1, 0, 0, 0, 0],[1, 0, 0, 0, 0],[0, 0, 0, 0, 0]]];

L_11 := LieAlgebra(Rationals, mat_11);

S_11 := SemiSimpleType(L_11);

PrintTo("*stdout*","11. ", S_11,"\n");

mat_12 :=[[[0, 0, 0, 0, 0],[0, 0, 1, 1, 0],[0, 0, 0, 0, 0],[0, 0, 0, 0, 0],[0, 0, 0, 0, 0]],[[0, 0, 0, 0, 0],[0, 0, 0, 0, 0],[0, 1, 0, 0, 0],[0, 1, 0, 0, 0],[0, 0, 0, 0, 0]]];

L_12 := LieAlgebra(Rationals, mat_12);

S_12 := SemiSimpleType(L_12);

PrintTo("*stdout*","12. ", S_12,"\n");

mat_13 :=[[[0, 0, 1, 1, 1],[0, 0, 0, 0, 0],[0, 0, 0, 0, 0],[0, 0, 0, 0, 0],[0, 0, 0, 0, 0]],[[0, 0, 0, 0, 0],[0, 0, 0, 0, 0],[1, 0, 0, 0, 0],[1, 0, 0, 0, 0],[1, 0, 0, 0, 0]]];

L_13 := LieAlgebra(Rationals, mat_13);

S_13 := SemiSimpleType(L_13);

PrintTo("*stdout*","13. ", S_13,"\n");

mat_14 :=[[[0, 0, 0, 0, 0],[0, 0, 1, 1, 1],[0, 0, 0, 0, 0],[0, 0, 0, 0, 0],[0, 0, 0, 0, 0]],[[0, 0, 0, 0, 0],[0, 0, 0, 0, 0],[0, 1, 0, 0, 0],[0, 1, 0, 0, 0],[0, 1, 0, 0, 0]]];

L_14 := LieAlgebra(Rationals, mat_14);

S_14 := SemiSimpleType(L_14);

PrintTo("*stdout*","14. ", S_14,"\n");

