mat_1 :=[[[0, 0, 0, 0, 0, 0, 1],[0, 0, 0, 0, 0, 0, 0],[0, 0, 0, 0, 0, 0, 0],[0, 0, 0, 0, 0, 0, 0],[0, 0, 0, 0, 0, 0, 0],[0, 0, 0, 0, 0, 0, 0],[0, 0, 0, 0, 0, 0, 0]],[[0, 0, 0, 0, 0, 0, 0],[0, 0, 0, 0, 0, 0, 0],[0, 0, 0, 0, 0, 0, 0],[0, 0, 0, 0, 0, 0, 0],[0, 0, 0, 0, 0, 0, 0],[0, 0, 0, 0, 0, 0, 0],[1, 0, 0, 0, 0, 0, 0]]];

L_1 := LieAlgebra(Rationals, mat_1);

S_1 := SemiSimpleType(L_1);

PrintTo("*stdout*","1. ", S_1,"\n");

mat_2 :=[[[0, 0, 0, 0, 0, 0, 0],[0, 0, 0, 0, 0, 0, 1],[0, 0, 0, 0, 0, 0, 0],[0, 0, 0, 0, 0, 0, 0],[0, 0, 0, 0, 0, 0, 0],[0, 0, 0, 0, 0, 0, 0],[0, 0, 0, 0, 0, 0, 0]],[[0, 0, 0, 0, 0, 0, 0],[0, 0, 0, 0, 0, 0, 0],[0, 0, 0, 0, 0, 0, 0],[0, 0, 0, 0, 0, 0, 0],[0, 0, 0, 0, 0, 0, 0],[0, 0, 0, 0, 0, 0, 0],[0, 1, 0, 0, 0, 0, 0]]];

L_2 := LieAlgebra(Rationals, mat_2);

S_2 := SemiSimpleType(L_2);

PrintTo("*stdout*","2. ", S_2,"\n");

mat_3 :=[[[0, 0, 0, 0, 0, 1, 0],[0, 0, 0, 0, 0, 0, 0],[0, 0, 0, 0, 0, 0, 0],[0, 0, 0, 0, 0, 0, 0],[0, 0, 0, 0, 0, 0, 0],[0, 0, 0, 0, 0, 0, 0],[0, 0, 0, 0, 0, 0, 0]],[[0, 0, 0, 0, 0, 0, 0],[0, 0, 0, 0, 0, 0, 0],[0, 0, 0, 0, 0, 0, 0],[0, 0, 0, 0, 0, 0, 0],[0, 0, 0, 0, 0, 0, 0],[1, 0, 0, 0, 0, 0, 0],[0, 0, 0, 0, 0, 0, 0]]];

L_3 := LieAlgebra(Rationals, mat_3);

S_3 := SemiSimpleType(L_3);

PrintTo("*stdout*","3. ", S_3,"\n");

mat_4 :=[[[0, 0, 0, 0, 0, 0, 0],[0, 0, 0, 0, 0, 1, 0],[0, 0, 0, 0, 0, 0, 0],[0, 0, 0, 0, 0, 0, 0],[0, 0, 0, 0, 0, 0, 0],[0, 0, 0, 0, 0, 0, 0],[0, 0, 0, 0, 0, 0, 0]],[[0, 0, 0, 0, 0, 0, 0],[0, 0, 0, 0, 0, 0, 0],[0, 0, 0, 0, 0, 0, 0],[0, 0, 0, 0, 0, 0, 0],[0, 0, 0, 0, 0, 0, 0],[0, 1, 0, 0, 0, 0, 0],[0, 0, 0, 0, 0, 0, 0]]];

L_4 := LieAlgebra(Rationals, mat_4);

S_4 := SemiSimpleType(L_4);

PrintTo("*stdout*","4. ", S_4,"\n");

mat_5 :=[[[0, 0, 0, 0, 0, 1, 1],[0, 0, 0, 0, 0, 0, 0],[0, 0, 0, 0, 0, 0, 0],[0, 0, 0, 0, 0, 0, 0],[0, 0, 0, 0, 0, 0, 0],[0, 0, 0, 0, 0, 0, 0],[0, 0, 0, 0, 0, 0, 0]],[[0, 0, 0, 0, 0, 0, 0],[0, 0, 0, 0, 0, 0, 0],[0, 0, 0, 0, 0, 0, 0],[0, 0, 0, 0, 0, 0, 0],[0, 0, 0, 0, 0, 0, 0],[1, 0, 0, 0, 0, 0, 0],[1, 0, 0, 0, 0, 0, 0]]];

L_5 := LieAlgebra(Rationals, mat_5);

S_5 := SemiSimpleType(L_5);

PrintTo("*stdout*","5. ", S_5,"\n");

mat_6 :=[[[0, 0, 0, 0, 0, 0, 0],[0, 0, 0, 0, 0, 1, 1],[0, 0, 0, 0, 0, 0, 0],[0, 0, 0, 0, 0, 0, 0],[0, 0, 0, 0, 0, 0, 0],[0, 0, 0, 0, 0, 0, 0],[0, 0, 0, 0, 0, 0, 0]],[[0, 0, 0, 0, 0, 0, 0],[0, 0, 0, 0, 0, 0, 0],[0, 0, 0, 0, 0, 0, 0],[0, 0, 0, 0, 0, 0, 0],[0, 0, 0, 0, 0, 0, 0],[0, 1, 0, 0, 0, 0, 0],[0, 1, 0, 0, 0, 0, 0]]];

L_6 := LieAlgebra(Rationals, mat_6);

S_6 := SemiSimpleType(L_6);

PrintTo("*stdout*","6. ", S_6,"\n");

mat_7 :=[[[0, 0, 0, 0, 1, 0, 0],[0, 0, 0, 0, 0, 0, 0],[0, 0, 0, 0, 0, 0, 0],[0, 0, 0, 0, 0, 0, 0],[0, 0, 0, 0, 0, 0, 0],[0, 0, 0, 0, 0, 0, 0],[0, 0, 0, 0, 0, 0, 0]],[[0, 0, 0, 0, 0, 0, 0],[0, 0, 0, 0, 0, 0, 0],[0, 0, 0, 0, 0, 0, 0],[0, 0, 0, 0, 0, 0, 0],[1, 0, 0, 0, 0, 0, 0],[0, 0, 0, 0, 0, 0, 0],[0, 0, 0, 0, 0, 0, 0]]];

L_7 := LieAlgebra(Rationals, mat_7);

S_7 := SemiSimpleType(L_7);

PrintTo("*stdout*","7. ", S_7,"\n");

mat_8 :=[[[0, 0, 0, 0, 0, 0, 0],[0, 0, 0, 0, 1, 0, 0],[0, 0, 0, 0, 0, 0, 0],[0, 0, 0, 0, 0, 0, 0],[0, 0, 0, 0, 0, 0, 0],[0, 0, 0, 0, 0, 0, 0],[0, 0, 0, 0, 0, 0, 0]],[[0, 0, 0, 0, 0, 0, 0],[0, 0, 0, 0, 0, 0, 0],[0, 0, 0, 0, 0, 0, 0],[0, 0, 0, 0, 0, 0, 0],[0, 1, 0, 0, 0, 0, 0],[0, 0, 0, 0, 0, 0, 0],[0, 0, 0, 0, 0, 0, 0]]];

L_8 := LieAlgebra(Rationals, mat_8);

S_8 := SemiSimpleType(L_8);

PrintTo("*stdout*","8. ", S_8,"\n");

mat_9 :=[[[0, 0, 0, 0, 1, 0, 1],[0, 0, 0, 0, 0, 0, 0],[0, 0, 0, 0, 0, 0, 0],[0, 0, 0, 0, 0, 0, 0],[0, 0, 0, 0, 0, 0, 0],[0, 0, 0, 0, 0, 0, 0],[0, 0, 0, 0, 0, 0, 0]],[[0, 0, 0, 0, 0, 0, 0],[0, 0, 0, 0, 0, 0, 0],[0, 0, 0, 0, 0, 0, 0],[0, 0, 0, 0, 0, 0, 0],[1, 0, 0, 0, 0, 0, 0],[0, 0, 0, 0, 0, 0, 0],[1, 0, 0, 0, 0, 0, 0]]];

L_9 := LieAlgebra(Rationals, mat_9);

S_9 := SemiSimpleType(L_9);

PrintTo("*stdout*","9. ", S_9,"\n");

mat_10 :=[[[0, 0, 0, 0, 0, 0, 0],[0, 0, 0, 0, 1, 0, 1],[0, 0, 0, 0, 0, 0, 0],[0, 0, 0, 0, 0, 0, 0],[0, 0, 0, 0, 0, 0, 0],[0, 0, 0, 0, 0, 0, 0],[0, 0, 0, 0, 0, 0, 0]],[[0, 0, 0, 0, 0, 0, 0],[0, 0, 0, 0, 0, 0, 0],[0, 0, 0, 0, 0, 0, 0],[0, 0, 0, 0, 0, 0, 0],[0, 1, 0, 0, 0, 0, 0],[0, 0, 0, 0, 0, 0, 0],[0, 1, 0, 0, 0, 0, 0]]];

L_10 := LieAlgebra(Rationals, mat_10);

S_10 := SemiSimpleType(L_10);

PrintTo("*stdout*","10. ", S_10,"\n");

mat_11 :=[[[0, 0, 0, 0, 1, 1, 0],[0, 0, 0, 0, 0, 0, 0],[0, 0, 0, 0, 0, 0, 0],[0, 0, 0, 0, 0, 0, 0],[0, 0, 0, 0, 0, 0, 0],[0, 0, 0, 0, 0, 0, 0],[0, 0, 0, 0, 0, 0, 0]],[[0, 0, 0, 0, 0, 0, 0],[0, 0, 0, 0, 0, 0, 0],[0, 0, 0, 0, 0, 0, 0],[0, 0, 0, 0, 0, 0, 0],[1, 0, 0, 0, 0, 0, 0],[1, 0, 0, 0, 0, 0, 0],[0, 0, 0, 0, 0, 0, 0]]];

L_11 := LieAlgebra(Rationals, mat_11);

S_11 := SemiSimpleType(L_11);

PrintTo("*stdout*","11. ", S_11,"\n");

mat_12 :=[[[0, 0, 0, 0, 0, 0, 0],[0, 0, 0, 0, 1, 1, 0],[0, 0, 0, 0, 0, 0, 0],[0, 0, 0, 0, 0, 0, 0],[0, 0, 0, 0, 0, 0, 0],[0, 0, 0, 0, 0, 0, 0],[0, 0, 0, 0, 0, 0, 0]],[[0, 0, 0, 0, 0, 0, 0],[0, 0, 0, 0, 0, 0, 0],[0, 0, 0, 0, 0, 0, 0],[0, 0, 0, 0, 0, 0, 0],[0, 1, 0, 0, 0, 0, 0],[0, 1, 0, 0, 0, 0, 0],[0, 0, 0, 0, 0, 0, 0]]];

L_12 := LieAlgebra(Rationals, mat_12);

S_12 := SemiSimpleType(L_12);

PrintTo("*stdout*","12. ", S_12,"\n");

mat_13 :=[[[0, 0, 0, 0, 1, 1, 1],[0, 0, 0, 0, 0, 0, 0],[0, 0, 0, 0, 0, 0, 0],[0, 0, 0, 0, 0, 0, 0],[0, 0, 0, 0, 0, 0, 0],[0, 0, 0, 0, 0, 0, 0],[0, 0, 0, 0, 0, 0, 0]],[[0, 0, 0, 0, 0, 0, 0],[0, 0, 0, 0, 0, 0, 0],[0, 0, 0, 0, 0, 0, 0],[0, 0, 0, 0, 0, 0, 0],[1, 0, 0, 0, 0, 0, 0],[1, 0, 0, 0, 0, 0, 0],[1, 0, 0, 0, 0, 0, 0]]];

L_13 := LieAlgebra(Rationals, mat_13);

S_13 := SemiSimpleType(L_13);

PrintTo("*stdout*","13. ", S_13,"\n");

mat_14 :=[[[0, 0, 0, 0, 0, 0, 0],[0, 0, 0, 0, 1, 1, 1],[0, 0, 0, 0, 0, 0, 0],[0, 0, 0, 0, 0, 0, 0],[0, 0, 0, 0, 0, 0, 0],[0, 0, 0, 0, 0, 0, 0],[0, 0, 0, 0, 0, 0, 0]],[[0, 0, 0, 0, 0, 0, 0],[0, 0, 0, 0, 0, 0, 0],[0, 0, 0, 0, 0, 0, 0],[0, 0, 0, 0, 0, 0, 0],[0, 1, 0, 0, 0, 0, 0],[0, 1, 0, 0, 0, 0, 0],[0, 1, 0, 0, 0, 0, 0]]];

L_14 := LieAlgebra(Rationals, mat_14);

S_14 := SemiSimpleType(L_14);

PrintTo("*stdout*","14. ", S_14,"\n");

mat_15 :=[[[0, 0, 0, 1, 0, 0, 0],[0, 0, 0, 0, 0, 0, 0],[0, 0, 0, 0, 0, 0, 0],[0, 0, 0, 0, 0, 0, 0],[0, 0, 0, 0, 0, 0, 0],[0, 0, 0, 0, 0, 0, 0],[0, 0, 0, 0, 0, 0, 0]],[[0, 0, 0, 0, 0, 0, 0],[0, 0, 0, 0, 0, 0, 0],[0, 0, 0, 0, 0, 0, 0],[1, 0, 0, 0, 0, 0, 0],[0, 0, 0, 0, 0, 0, 0],[0, 0, 0, 0, 0, 0, 0],[0, 0, 0, 0, 0, 0, 0]]];

L_15 := LieAlgebra(Rationals, mat_15);

S_15 := SemiSimpleType(L_15);

PrintTo("*stdout*","15. ", S_15,"\n");

mat_16 :=[[[0, 0, 0, 0, 0, 0, 0],[0, 0, 0, 1, 0, 0, 0],[0, 0, 0, 0, 0, 0, 0],[0, 0, 0, 0, 0, 0, 0],[0, 0, 0, 0, 0, 0, 0],[0, 0, 0, 0, 0, 0, 0],[0, 0, 0, 0, 0, 0, 0]],[[0, 0, 0, 0, 0, 0, 0],[0, 0, 0, 0, 0, 0, 0],[0, 0, 0, 0, 0, 0, 0],[0, 1, 0, 0, 0, 0, 0],[0, 0, 0, 0, 0, 0, 0],[0, 0, 0, 0, 0, 0, 0],[0, 0, 0, 0, 0, 0, 0]]];

L_16 := LieAlgebra(Rationals, mat_16);

S_16 := SemiSimpleType(L_16);

PrintTo("*stdout*","16. ", S_16,"\n");

mat_17 :=[[[0, 0, 0, 1, 0, 0, 1],[0, 0, 0, 0, 0, 0, 0],[0, 0, 0, 0, 0, 0, 0],[0, 0, 0, 0, 0, 0, 0],[0, 0, 0, 0, 0, 0, 0],[0, 0, 0, 0, 0, 0, 0],[0, 0, 0, 0, 0, 0, 0]],[[0, 0, 0, 0, 0, 0, 0],[0, 0, 0, 0, 0, 0, 0],[0, 0, 0, 0, 0, 0, 0],[1, 0, 0, 0, 0, 0, 0],[0, 0, 0, 0, 0, 0, 0],[0, 0, 0, 0, 0, 0, 0],[1, 0, 0, 0, 0, 0, 0]]];

L_17 := LieAlgebra(Rationals, mat_17);

S_17 := SemiSimpleType(L_17);

PrintTo("*stdout*","17. ", S_17,"\n");

mat_18 :=[[[0, 0, 0, 0, 0, 0, 0],[0, 0, 0, 1, 0, 0, 1],[0, 0, 0, 0, 0, 0, 0],[0, 0, 0, 0, 0, 0, 0],[0, 0, 0, 0, 0, 0, 0],[0, 0, 0, 0, 0, 0, 0],[0, 0, 0, 0, 0, 0, 0]],[[0, 0, 0, 0, 0, 0, 0],[0, 0, 0, 0, 0, 0, 0],[0, 0, 0, 0, 0, 0, 0],[0, 1, 0, 0, 0, 0, 0],[0, 0, 0, 0, 0, 0, 0],[0, 0, 0, 0, 0, 0, 0],[0, 1, 0, 0, 0, 0, 0]]];

L_18 := LieAlgebra(Rationals, mat_18);

S_18 := SemiSimpleType(L_18);

PrintTo("*stdout*","18. ", S_18,"\n");

mat_19 :=[[[0, 0, 0, 1, 0, 1, 0],[0, 0, 0, 0, 0, 0, 0],[0, 0, 0, 0, 0, 0, 0],[0, 0, 0, 0, 0, 0, 0],[0, 0, 0, 0, 0, 0, 0],[0, 0, 0, 0, 0, 0, 0],[0, 0, 0, 0, 0, 0, 0]],[[0, 0, 0, 0, 0, 0, 0],[0, 0, 0, 0, 0, 0, 0],[0, 0, 0, 0, 0, 0, 0],[1, 0, 0, 0, 0, 0, 0],[0, 0, 0, 0, 0, 0, 0],[1, 0, 0, 0, 0, 0, 0],[0, 0, 0, 0, 0, 0, 0]]];

L_19 := LieAlgebra(Rationals, mat_19);

S_19 := SemiSimpleType(L_19);

PrintTo("*stdout*","19. ", S_19,"\n");

mat_20 :=[[[0, 0, 0, 0, 0, 0, 0],[0, 0, 0, 1, 0, 1, 0],[0, 0, 0, 0, 0, 0, 0],[0, 0, 0, 0, 0, 0, 0],[0, 0, 0, 0, 0, 0, 0],[0, 0, 0, 0, 0, 0, 0],[0, 0, 0, 0, 0, 0, 0]],[[0, 0, 0, 0, 0, 0, 0],[0, 0, 0, 0, 0, 0, 0],[0, 0, 0, 0, 0, 0, 0],[0, 1, 0, 0, 0, 0, 0],[0, 0, 0, 0, 0, 0, 0],[0, 1, 0, 0, 0, 0, 0],[0, 0, 0, 0, 0, 0, 0]]];

L_20 := LieAlgebra(Rationals, mat_20);

S_20 := SemiSimpleType(L_20);

PrintTo("*stdout*","20. ", S_20,"\n");

mat_21 :=[[[0, 0, 0, 1, 0, 1, 1],[0, 0, 0, 0, 0, 0, 0],[0, 0, 0, 0, 0, 0, 0],[0, 0, 0, 0, 0, 0, 0],[0, 0, 0, 0, 0, 0, 0],[0, 0, 0, 0, 0, 0, 0],[0, 0, 0, 0, 0, 0, 0]],[[0, 0, 0, 0, 0, 0, 0],[0, 0, 0, 0, 0, 0, 0],[0, 0, 0, 0, 0, 0, 0],[1, 0, 0, 0, 0, 0, 0],[0, 0, 0, 0, 0, 0, 0],[1, 0, 0, 0, 0, 0, 0],[1, 0, 0, 0, 0, 0, 0]]];

L_21 := LieAlgebra(Rationals, mat_21);

S_21 := SemiSimpleType(L_21);

PrintTo("*stdout*","21. ", S_21,"\n");

mat_22 :=[[[0, 0, 0, 0, 0, 0, 0],[0, 0, 0, 1, 0, 1, 1],[0, 0, 0, 0, 0, 0, 0],[0, 0, 0, 0, 0, 0, 0],[0, 0, 0, 0, 0, 0, 0],[0, 0, 0, 0, 0, 0, 0],[0, 0, 0, 0, 0, 0, 0]],[[0, 0, 0, 0, 0, 0, 0],[0, 0, 0, 0, 0, 0, 0],[0, 0, 0, 0, 0, 0, 0],[0, 1, 0, 0, 0, 0, 0],[0, 0, 0, 0, 0, 0, 0],[0, 1, 0, 0, 0, 0, 0],[0, 1, 0, 0, 0, 0, 0]]];

L_22 := LieAlgebra(Rationals, mat_22);

S_22 := SemiSimpleType(L_22);

PrintTo("*stdout*","22. ", S_22,"\n");

mat_23 :=[[[0, 0, 0, 1, 1, 0, 0],[0, 0, 0, 0, 0, 0, 0],[0, 0, 0, 0, 0, 0, 0],[0, 0, 0, 0, 0, 0, 0],[0, 0, 0, 0, 0, 0, 0],[0, 0, 0, 0, 0, 0, 0],[0, 0, 0, 0, 0, 0, 0]],[[0, 0, 0, 0, 0, 0, 0],[0, 0, 0, 0, 0, 0, 0],[0, 0, 0, 0, 0, 0, 0],[1, 0, 0, 0, 0, 0, 0],[1, 0, 0, 0, 0, 0, 0],[0, 0, 0, 0, 0, 0, 0],[0, 0, 0, 0, 0, 0, 0]]];

L_23 := LieAlgebra(Rationals, mat_23);

S_23 := SemiSimpleType(L_23);

PrintTo("*stdout*","23. ", S_23,"\n");

mat_24 :=[[[0, 0, 0, 0, 0, 0, 0],[0, 0, 0, 1, 1, 0, 0],[0, 0, 0, 0, 0, 0, 0],[0, 0, 0, 0, 0, 0, 0],[0, 0, 0, 0, 0, 0, 0],[0, 0, 0, 0, 0, 0, 0],[0, 0, 0, 0, 0, 0, 0]],[[0, 0, 0, 0, 0, 0, 0],[0, 0, 0, 0, 0, 0, 0],[0, 0, 0, 0, 0, 0, 0],[0, 1, 0, 0, 0, 0, 0],[0, 1, 0, 0, 0, 0, 0],[0, 0, 0, 0, 0, 0, 0],[0, 0, 0, 0, 0, 0, 0]]];

L_24 := LieAlgebra(Rationals, mat_24);

S_24 := SemiSimpleType(L_24);

PrintTo("*stdout*","24. ", S_24,"\n");

mat_25 :=[[[0, 0, 0, 1, 1, 0, 1],[0, 0, 0, 0, 0, 0, 0],[0, 0, 0, 0, 0, 0, 0],[0, 0, 0, 0, 0, 0, 0],[0, 0, 0, 0, 0, 0, 0],[0, 0, 0, 0, 0, 0, 0],[0, 0, 0, 0, 0, 0, 0]],[[0, 0, 0, 0, 0, 0, 0],[0, 0, 0, 0, 0, 0, 0],[0, 0, 0, 0, 0, 0, 0],[1, 0, 0, 0, 0, 0, 0],[1, 0, 0, 0, 0, 0, 0],[0, 0, 0, 0, 0, 0, 0],[1, 0, 0, 0, 0, 0, 0]]];

L_25 := LieAlgebra(Rationals, mat_25);

S_25 := SemiSimpleType(L_25);

PrintTo("*stdout*","25. ", S_25,"\n");

mat_26 :=[[[0, 0, 0, 0, 0, 0, 0],[0, 0, 0, 1, 1, 0, 1],[0, 0, 0, 0, 0, 0, 0],[0, 0, 0, 0, 0, 0, 0],[0, 0, 0, 0, 0, 0, 0],[0, 0, 0, 0, 0, 0, 0],[0, 0, 0, 0, 0, 0, 0]],[[0, 0, 0, 0, 0, 0, 0],[0, 0, 0, 0, 0, 0, 0],[0, 0, 0, 0, 0, 0, 0],[0, 1, 0, 0, 0, 0, 0],[0, 1, 0, 0, 0, 0, 0],[0, 0, 0, 0, 0, 0, 0],[0, 1, 0, 0, 0, 0, 0]]];

L_26 := LieAlgebra(Rationals, mat_26);

S_26 := SemiSimpleType(L_26);

PrintTo("*stdout*","26. ", S_26,"\n");

mat_27 :=[[[0, 0, 0, 1, 1, 1, 0],[0, 0, 0, 0, 0, 0, 0],[0, 0, 0, 0, 0, 0, 0],[0, 0, 0, 0, 0, 0, 0],[0, 0, 0, 0, 0, 0, 0],[0, 0, 0, 0, 0, 0, 0],[0, 0, 0, 0, 0, 0, 0]],[[0, 0, 0, 0, 0, 0, 0],[0, 0, 0, 0, 0, 0, 0],[0, 0, 0, 0, 0, 0, 0],[1, 0, 0, 0, 0, 0, 0],[1, 0, 0, 0, 0, 0, 0],[1, 0, 0, 0, 0, 0, 0],[0, 0, 0, 0, 0, 0, 0]]];

L_27 := LieAlgebra(Rationals, mat_27);

S_27 := SemiSimpleType(L_27);

PrintTo("*stdout*","27. ", S_27,"\n");

mat_28 :=[[[0, 0, 0, 0, 0, 0, 0],[0, 0, 0, 1, 1, 1, 0],[0, 0, 0, 0, 0, 0, 0],[0, 0, 0, 0, 0, 0, 0],[0, 0, 0, 0, 0, 0, 0],[0, 0, 0, 0, 0, 0, 0],[0, 0, 0, 0, 0, 0, 0]],[[0, 0, 0, 0, 0, 0, 0],[0, 0, 0, 0, 0, 0, 0],[0, 0, 0, 0, 0, 0, 0],[0, 1, 0, 0, 0, 0, 0],[0, 1, 0, 0, 0, 0, 0],[0, 1, 0, 0, 0, 0, 0],[0, 0, 0, 0, 0, 0, 0]]];

L_28 := LieAlgebra(Rationals, mat_28);

S_28 := SemiSimpleType(L_28);

PrintTo("*stdout*","28. ", S_28,"\n");

mat_29 :=[[[0, 0, 0, 1, 1, 1, 1],[0, 0, 0, 0, 0, 0, 0],[0, 0, 0, 0, 0, 0, 0],[0, 0, 0, 0, 0, 0, 0],[0, 0, 0, 0, 0, 0, 0],[0, 0, 0, 0, 0, 0, 0],[0, 0, 0, 0, 0, 0, 0]],[[0, 0, 0, 0, 0, 0, 0],[0, 0, 0, 0, 0, 0, 0],[0, 0, 0, 0, 0, 0, 0],[1, 0, 0, 0, 0, 0, 0],[1, 0, 0, 0, 0, 0, 0],[1, 0, 0, 0, 0, 0, 0],[1, 0, 0, 0, 0, 0, 0]]];

L_29 := LieAlgebra(Rationals, mat_29);

S_29 := SemiSimpleType(L_29);

PrintTo("*stdout*","29. ", S_29,"\n");

mat_30 :=[[[0, 0, 0, 0, 0, 0, 0],[0, 0, 0, 1, 1, 1, 1],[0, 0, 0, 0, 0, 0, 0],[0, 0, 0, 0, 0, 0, 0],[0, 0, 0, 0, 0, 0, 0],[0, 0, 0, 0, 0, 0, 0],[0, 0, 0, 0, 0, 0, 0]],[[0, 0, 0, 0, 0, 0, 0],[0, 0, 0, 0, 0, 0, 0],[0, 0, 0, 0, 0, 0, 0],[0, 1, 0, 0, 0, 0, 0],[0, 1, 0, 0, 0, 0, 0],[0, 1, 0, 0, 0, 0, 0],[0, 1, 0, 0, 0, 0, 0]]];

L_30 := LieAlgebra(Rationals, mat_30);

S_30 := SemiSimpleType(L_30);

PrintTo("*stdout*","30. ", S_30,"\n");

mat_31 :=[[[0, 0, 1, 0, 0, 0, 0],[0, 0, 0, 0, 0, 0, 0],[0, 0, 0, 0, 0, 0, 0],[0, 0, 0, 0, 0, 0, 0],[0, 0, 0, 0, 0, 0, 0],[0, 0, 0, 0, 0, 0, 0],[0, 0, 0, 0, 0, 0, 0]],[[0, 0, 0, 0, 0, 0, 0],[0, 0, 0, 0, 0, 0, 0],[1, 0, 0, 0, 0, 0, 0],[0, 0, 0, 0, 0, 0, 0],[0, 0, 0, 0, 0, 0, 0],[0, 0, 0, 0, 0, 0, 0],[0, 0, 0, 0, 0, 0, 0]]];

L_31 := LieAlgebra(Rationals, mat_31);

S_31 := SemiSimpleType(L_31);

PrintTo("*stdout*","31. ", S_31,"\n");

mat_32 :=[[[0, 0, 0, 0, 0, 0, 0],[0, 0, 1, 0, 0, 0, 0],[0, 0, 0, 0, 0, 0, 0],[0, 0, 0, 0, 0, 0, 0],[0, 0, 0, 0, 0, 0, 0],[0, 0, 0, 0, 0, 0, 0],[0, 0, 0, 0, 0, 0, 0]],[[0, 0, 0, 0, 0, 0, 0],[0, 0, 0, 0, 0, 0, 0],[0, 1, 0, 0, 0, 0, 0],[0, 0, 0, 0, 0, 0, 0],[0, 0, 0, 0, 0, 0, 0],[0, 0, 0, 0, 0, 0, 0],[0, 0, 0, 0, 0, 0, 0]]];

L_32 := LieAlgebra(Rationals, mat_32);

S_32 := SemiSimpleType(L_32);

PrintTo("*stdout*","32. ", S_32,"\n");

mat_33 :=[[[0, 0, 1, 0, 0, 0, 1],[0, 0, 0, 0, 0, 0, 0],[0, 0, 0, 0, 0, 0, 0],[0, 0, 0, 0, 0, 0, 0],[0, 0, 0, 0, 0, 0, 0],[0, 0, 0, 0, 0, 0, 0],[0, 0, 0, 0, 0, 0, 0]],[[0, 0, 0, 0, 0, 0, 0],[0, 0, 0, 0, 0, 0, 0],[1, 0, 0, 0, 0, 0, 0],[0, 0, 0, 0, 0, 0, 0],[0, 0, 0, 0, 0, 0, 0],[0, 0, 0, 0, 0, 0, 0],[1, 0, 0, 0, 0, 0, 0]]];

L_33 := LieAlgebra(Rationals, mat_33);

S_33 := SemiSimpleType(L_33);

PrintTo("*stdout*","33. ", S_33,"\n");

mat_34 :=[[[0, 0, 0, 0, 0, 0, 0],[0, 0, 1, 0, 0, 0, 1],[0, 0, 0, 0, 0, 0, 0],[0, 0, 0, 0, 0, 0, 0],[0, 0, 0, 0, 0, 0, 0],[0, 0, 0, 0, 0, 0, 0],[0, 0, 0, 0, 0, 0, 0]],[[0, 0, 0, 0, 0, 0, 0],[0, 0, 0, 0, 0, 0, 0],[0, 1, 0, 0, 0, 0, 0],[0, 0, 0, 0, 0, 0, 0],[0, 0, 0, 0, 0, 0, 0],[0, 0, 0, 0, 0, 0, 0],[0, 1, 0, 0, 0, 0, 0]]];

L_34 := LieAlgebra(Rationals, mat_34);

S_34 := SemiSimpleType(L_34);

PrintTo("*stdout*","34. ", S_34,"\n");

mat_35 :=[[[0, 0, 1, 0, 0, 1, 0],[0, 0, 0, 0, 0, 0, 0],[0, 0, 0, 0, 0, 0, 0],[0, 0, 0, 0, 0, 0, 0],[0, 0, 0, 0, 0, 0, 0],[0, 0, 0, 0, 0, 0, 0],[0, 0, 0, 0, 0, 0, 0]],[[0, 0, 0, 0, 0, 0, 0],[0, 0, 0, 0, 0, 0, 0],[1, 0, 0, 0, 0, 0, 0],[0, 0, 0, 0, 0, 0, 0],[0, 0, 0, 0, 0, 0, 0],[1, 0, 0, 0, 0, 0, 0],[0, 0, 0, 0, 0, 0, 0]]];

L_35 := LieAlgebra(Rationals, mat_35);

S_35 := SemiSimpleType(L_35);

PrintTo("*stdout*","35. ", S_35,"\n");

mat_36 :=[[[0, 0, 0, 0, 0, 0, 0],[0, 0, 1, 0, 0, 1, 0],[0, 0, 0, 0, 0, 0, 0],[0, 0, 0, 0, 0, 0, 0],[0, 0, 0, 0, 0, 0, 0],[0, 0, 0, 0, 0, 0, 0],[0, 0, 0, 0, 0, 0, 0]],[[0, 0, 0, 0, 0, 0, 0],[0, 0, 0, 0, 0, 0, 0],[0, 1, 0, 0, 0, 0, 0],[0, 0, 0, 0, 0, 0, 0],[0, 0, 0, 0, 0, 0, 0],[0, 1, 0, 0, 0, 0, 0],[0, 0, 0, 0, 0, 0, 0]]];

L_36 := LieAlgebra(Rationals, mat_36);

S_36 := SemiSimpleType(L_36);

PrintTo("*stdout*","36. ", S_36,"\n");

mat_37 :=[[[0, 0, 1, 0, 0, 1, 1],[0, 0, 0, 0, 0, 0, 0],[0, 0, 0, 0, 0, 0, 0],[0, 0, 0, 0, 0, 0, 0],[0, 0, 0, 0, 0, 0, 0],[0, 0, 0, 0, 0, 0, 0],[0, 0, 0, 0, 0, 0, 0]],[[0, 0, 0, 0, 0, 0, 0],[0, 0, 0, 0, 0, 0, 0],[1, 0, 0, 0, 0, 0, 0],[0, 0, 0, 0, 0, 0, 0],[0, 0, 0, 0, 0, 0, 0],[1, 0, 0, 0, 0, 0, 0],[1, 0, 0, 0, 0, 0, 0]]];

L_37 := LieAlgebra(Rationals, mat_37);

S_37 := SemiSimpleType(L_37);

PrintTo("*stdout*","37. ", S_37,"\n");

mat_38 :=[[[0, 0, 0, 0, 0, 0, 0],[0, 0, 1, 0, 0, 1, 1],[0, 0, 0, 0, 0, 0, 0],[0, 0, 0, 0, 0, 0, 0],[0, 0, 0, 0, 0, 0, 0],[0, 0, 0, 0, 0, 0, 0],[0, 0, 0, 0, 0, 0, 0]],[[0, 0, 0, 0, 0, 0, 0],[0, 0, 0, 0, 0, 0, 0],[0, 1, 0, 0, 0, 0, 0],[0, 0, 0, 0, 0, 0, 0],[0, 0, 0, 0, 0, 0, 0],[0, 1, 0, 0, 0, 0, 0],[0, 1, 0, 0, 0, 0, 0]]];

L_38 := LieAlgebra(Rationals, mat_38);

S_38 := SemiSimpleType(L_38);

PrintTo("*stdout*","38. ", S_38,"\n");

mat_39 :=[[[0, 0, 1, 0, 1, 0, 0],[0, 0, 0, 0, 0, 0, 0],[0, 0, 0, 0, 0, 0, 0],[0, 0, 0, 0, 0, 0, 0],[0, 0, 0, 0, 0, 0, 0],[0, 0, 0, 0, 0, 0, 0],[0, 0, 0, 0, 0, 0, 0]],[[0, 0, 0, 0, 0, 0, 0],[0, 0, 0, 0, 0, 0, 0],[1, 0, 0, 0, 0, 0, 0],[0, 0, 0, 0, 0, 0, 0],[1, 0, 0, 0, 0, 0, 0],[0, 0, 0, 0, 0, 0, 0],[0, 0, 0, 0, 0, 0, 0]]];

L_39 := LieAlgebra(Rationals, mat_39);

S_39 := SemiSimpleType(L_39);

PrintTo("*stdout*","39. ", S_39,"\n");

mat_40 :=[[[0, 0, 0, 0, 0, 0, 0],[0, 0, 1, 0, 1, 0, 0],[0, 0, 0, 0, 0, 0, 0],[0, 0, 0, 0, 0, 0, 0],[0, 0, 0, 0, 0, 0, 0],[0, 0, 0, 0, 0, 0, 0],[0, 0, 0, 0, 0, 0, 0]],[[0, 0, 0, 0, 0, 0, 0],[0, 0, 0, 0, 0, 0, 0],[0, 1, 0, 0, 0, 0, 0],[0, 0, 0, 0, 0, 0, 0],[0, 1, 0, 0, 0, 0, 0],[0, 0, 0, 0, 0, 0, 0],[0, 0, 0, 0, 0, 0, 0]]];

L_40 := LieAlgebra(Rationals, mat_40);

S_40 := SemiSimpleType(L_40);

PrintTo("*stdout*","40. ", S_40,"\n");

mat_41 :=[[[0, 0, 1, 0, 1, 0, 1],[0, 0, 0, 0, 0, 0, 0],[0, 0, 0, 0, 0, 0, 0],[0, 0, 0, 0, 0, 0, 0],[0, 0, 0, 0, 0, 0, 0],[0, 0, 0, 0, 0, 0, 0],[0, 0, 0, 0, 0, 0, 0]],[[0, 0, 0, 0, 0, 0, 0],[0, 0, 0, 0, 0, 0, 0],[1, 0, 0, 0, 0, 0, 0],[0, 0, 0, 0, 0, 0, 0],[1, 0, 0, 0, 0, 0, 0],[0, 0, 0, 0, 0, 0, 0],[1, 0, 0, 0, 0, 0, 0]]];

L_41 := LieAlgebra(Rationals, mat_41);

S_41 := SemiSimpleType(L_41);

PrintTo("*stdout*","41. ", S_41,"\n");

mat_42 :=[[[0, 0, 0, 0, 0, 0, 0],[0, 0, 1, 0, 1, 0, 1],[0, 0, 0, 0, 0, 0, 0],[0, 0, 0, 0, 0, 0, 0],[0, 0, 0, 0, 0, 0, 0],[0, 0, 0, 0, 0, 0, 0],[0, 0, 0, 0, 0, 0, 0]],[[0, 0, 0, 0, 0, 0, 0],[0, 0, 0, 0, 0, 0, 0],[0, 1, 0, 0, 0, 0, 0],[0, 0, 0, 0, 0, 0, 0],[0, 1, 0, 0, 0, 0, 0],[0, 0, 0, 0, 0, 0, 0],[0, 1, 0, 0, 0, 0, 0]]];

L_42 := LieAlgebra(Rationals, mat_42);

S_42 := SemiSimpleType(L_42);

PrintTo("*stdout*","42. ", S_42,"\n");

mat_43 :=[[[0, 0, 1, 0, 1, 1, 0],[0, 0, 0, 0, 0, 0, 0],[0, 0, 0, 0, 0, 0, 0],[0, 0, 0, 0, 0, 0, 0],[0, 0, 0, 0, 0, 0, 0],[0, 0, 0, 0, 0, 0, 0],[0, 0, 0, 0, 0, 0, 0]],[[0, 0, 0, 0, 0, 0, 0],[0, 0, 0, 0, 0, 0, 0],[1, 0, 0, 0, 0, 0, 0],[0, 0, 0, 0, 0, 0, 0],[1, 0, 0, 0, 0, 0, 0],[1, 0, 0, 0, 0, 0, 0],[0, 0, 0, 0, 0, 0, 0]]];

L_43 := LieAlgebra(Rationals, mat_43);

S_43 := SemiSimpleType(L_43);

PrintTo("*stdout*","43. ", S_43,"\n");

mat_44 :=[[[0, 0, 0, 0, 0, 0, 0],[0, 0, 1, 0, 1, 1, 0],[0, 0, 0, 0, 0, 0, 0],[0, 0, 0, 0, 0, 0, 0],[0, 0, 0, 0, 0, 0, 0],[0, 0, 0, 0, 0, 0, 0],[0, 0, 0, 0, 0, 0, 0]],[[0, 0, 0, 0, 0, 0, 0],[0, 0, 0, 0, 0, 0, 0],[0, 1, 0, 0, 0, 0, 0],[0, 0, 0, 0, 0, 0, 0],[0, 1, 0, 0, 0, 0, 0],[0, 1, 0, 0, 0, 0, 0],[0, 0, 0, 0, 0, 0, 0]]];

L_44 := LieAlgebra(Rationals, mat_44);

S_44 := SemiSimpleType(L_44);

PrintTo("*stdout*","44. ", S_44,"\n");

mat_45 :=[[[0, 0, 1, 0, 1, 1, 1],[0, 0, 0, 0, 0, 0, 0],[0, 0, 0, 0, 0, 0, 0],[0, 0, 0, 0, 0, 0, 0],[0, 0, 0, 0, 0, 0, 0],[0, 0, 0, 0, 0, 0, 0],[0, 0, 0, 0, 0, 0, 0]],[[0, 0, 0, 0, 0, 0, 0],[0, 0, 0, 0, 0, 0, 0],[1, 0, 0, 0, 0, 0, 0],[0, 0, 0, 0, 0, 0, 0],[1, 0, 0, 0, 0, 0, 0],[1, 0, 0, 0, 0, 0, 0],[1, 0, 0, 0, 0, 0, 0]]];

L_45 := LieAlgebra(Rationals, mat_45);

S_45 := SemiSimpleType(L_45);

PrintTo("*stdout*","45. ", S_45,"\n");

mat_46 :=[[[0, 0, 0, 0, 0, 0, 0],[0, 0, 1, 0, 1, 1, 1],[0, 0, 0, 0, 0, 0, 0],[0, 0, 0, 0, 0, 0, 0],[0, 0, 0, 0, 0, 0, 0],[0, 0, 0, 0, 0, 0, 0],[0, 0, 0, 0, 0, 0, 0]],[[0, 0, 0, 0, 0, 0, 0],[0, 0, 0, 0, 0, 0, 0],[0, 1, 0, 0, 0, 0, 0],[0, 0, 0, 0, 0, 0, 0],[0, 1, 0, 0, 0, 0, 0],[0, 1, 0, 0, 0, 0, 0],[0, 1, 0, 0, 0, 0, 0]]];

L_46 := LieAlgebra(Rationals, mat_46);

S_46 := SemiSimpleType(L_46);

PrintTo("*stdout*","46. ", S_46,"\n");

mat_47 :=[[[0, 0, 1, 1, 0, 0, 0],[0, 0, 0, 0, 0, 0, 0],[0, 0, 0, 0, 0, 0, 0],[0, 0, 0, 0, 0, 0, 0],[0, 0, 0, 0, 0, 0, 0],[0, 0, 0, 0, 0, 0, 0],[0, 0, 0, 0, 0, 0, 0]],[[0, 0, 0, 0, 0, 0, 0],[0, 0, 0, 0, 0, 0, 0],[1, 0, 0, 0, 0, 0, 0],[1, 0, 0, 0, 0, 0, 0],[0, 0, 0, 0, 0, 0, 0],[0, 0, 0, 0, 0, 0, 0],[0, 0, 0, 0, 0, 0, 0]]];

L_47 := LieAlgebra(Rationals, mat_47);

S_47 := SemiSimpleType(L_47);

PrintTo("*stdout*","47. ", S_47,"\n");

mat_48 :=[[[0, 0, 0, 0, 0, 0, 0],[0, 0, 1, 1, 0, 0, 0],[0, 0, 0, 0, 0, 0, 0],[0, 0, 0, 0, 0, 0, 0],[0, 0, 0, 0, 0, 0, 0],[0, 0, 0, 0, 0, 0, 0],[0, 0, 0, 0, 0, 0, 0]],[[0, 0, 0, 0, 0, 0, 0],[0, 0, 0, 0, 0, 0, 0],[0, 1, 0, 0, 0, 0, 0],[0, 1, 0, 0, 0, 0, 0],[0, 0, 0, 0, 0, 0, 0],[0, 0, 0, 0, 0, 0, 0],[0, 0, 0, 0, 0, 0, 0]]];

L_48 := LieAlgebra(Rationals, mat_48);

S_48 := SemiSimpleType(L_48);

PrintTo("*stdout*","48. ", S_48,"\n");

mat_49 :=[[[0, 0, 1, 1, 0, 0, 1],[0, 0, 0, 0, 0, 0, 0],[0, 0, 0, 0, 0, 0, 0],[0, 0, 0, 0, 0, 0, 0],[0, 0, 0, 0, 0, 0, 0],[0, 0, 0, 0, 0, 0, 0],[0, 0, 0, 0, 0, 0, 0]],[[0, 0, 0, 0, 0, 0, 0],[0, 0, 0, 0, 0, 0, 0],[1, 0, 0, 0, 0, 0, 0],[1, 0, 0, 0, 0, 0, 0],[0, 0, 0, 0, 0, 0, 0],[0, 0, 0, 0, 0, 0, 0],[1, 0, 0, 0, 0, 0, 0]]];

L_49 := LieAlgebra(Rationals, mat_49);

S_49 := SemiSimpleType(L_49);

PrintTo("*stdout*","49. ", S_49,"\n");

mat_50 :=[[[0, 0, 0, 0, 0, 0, 0],[0, 0, 1, 1, 0, 0, 1],[0, 0, 0, 0, 0, 0, 0],[0, 0, 0, 0, 0, 0, 0],[0, 0, 0, 0, 0, 0, 0],[0, 0, 0, 0, 0, 0, 0],[0, 0, 0, 0, 0, 0, 0]],[[0, 0, 0, 0, 0, 0, 0],[0, 0, 0, 0, 0, 0, 0],[0, 1, 0, 0, 0, 0, 0],[0, 1, 0, 0, 0, 0, 0],[0, 0, 0, 0, 0, 0, 0],[0, 0, 0, 0, 0, 0, 0],[0, 1, 0, 0, 0, 0, 0]]];

L_50 := LieAlgebra(Rationals, mat_50);

S_50 := SemiSimpleType(L_50);

PrintTo("*stdout*","50. ", S_50,"\n");

mat_51 :=[[[0, 0, 1, 1, 0, 1, 0],[0, 0, 0, 0, 0, 0, 0],[0, 0, 0, 0, 0, 0, 0],[0, 0, 0, 0, 0, 0, 0],[0, 0, 0, 0, 0, 0, 0],[0, 0, 0, 0, 0, 0, 0],[0, 0, 0, 0, 0, 0, 0]],[[0, 0, 0, 0, 0, 0, 0],[0, 0, 0, 0, 0, 0, 0],[1, 0, 0, 0, 0, 0, 0],[1, 0, 0, 0, 0, 0, 0],[0, 0, 0, 0, 0, 0, 0],[1, 0, 0, 0, 0, 0, 0],[0, 0, 0, 0, 0, 0, 0]]];

L_51 := LieAlgebra(Rationals, mat_51);

S_51 := SemiSimpleType(L_51);

PrintTo("*stdout*","51. ", S_51,"\n");

mat_52 :=[[[0, 0, 0, 0, 0, 0, 0],[0, 0, 1, 1, 0, 1, 0],[0, 0, 0, 0, 0, 0, 0],[0, 0, 0, 0, 0, 0, 0],[0, 0, 0, 0, 0, 0, 0],[0, 0, 0, 0, 0, 0, 0],[0, 0, 0, 0, 0, 0, 0]],[[0, 0, 0, 0, 0, 0, 0],[0, 0, 0, 0, 0, 0, 0],[0, 1, 0, 0, 0, 0, 0],[0, 1, 0, 0, 0, 0, 0],[0, 0, 0, 0, 0, 0, 0],[0, 1, 0, 0, 0, 0, 0],[0, 0, 0, 0, 0, 0, 0]]];

L_52 := LieAlgebra(Rationals, mat_52);

S_52 := SemiSimpleType(L_52);

PrintTo("*stdout*","52. ", S_52,"\n");

mat_53 :=[[[0, 0, 1, 1, 0, 1, 1],[0, 0, 0, 0, 0, 0, 0],[0, 0, 0, 0, 0, 0, 0],[0, 0, 0, 0, 0, 0, 0],[0, 0, 0, 0, 0, 0, 0],[0, 0, 0, 0, 0, 0, 0],[0, 0, 0, 0, 0, 0, 0]],[[0, 0, 0, 0, 0, 0, 0],[0, 0, 0, 0, 0, 0, 0],[1, 0, 0, 0, 0, 0, 0],[1, 0, 0, 0, 0, 0, 0],[0, 0, 0, 0, 0, 0, 0],[1, 0, 0, 0, 0, 0, 0],[1, 0, 0, 0, 0, 0, 0]]];

L_53 := LieAlgebra(Rationals, mat_53);

S_53 := SemiSimpleType(L_53);

PrintTo("*stdout*","53. ", S_53,"\n");

mat_54 :=[[[0, 0, 0, 0, 0, 0, 0],[0, 0, 1, 1, 0, 1, 1],[0, 0, 0, 0, 0, 0, 0],[0, 0, 0, 0, 0, 0, 0],[0, 0, 0, 0, 0, 0, 0],[0, 0, 0, 0, 0, 0, 0],[0, 0, 0, 0, 0, 0, 0]],[[0, 0, 0, 0, 0, 0, 0],[0, 0, 0, 0, 0, 0, 0],[0, 1, 0, 0, 0, 0, 0],[0, 1, 0, 0, 0, 0, 0],[0, 0, 0, 0, 0, 0, 0],[0, 1, 0, 0, 0, 0, 0],[0, 1, 0, 0, 0, 0, 0]]];

L_54 := LieAlgebra(Rationals, mat_54);

S_54 := SemiSimpleType(L_54);

PrintTo("*stdout*","54. ", S_54,"\n");

mat_55 :=[[[0, 0, 1, 1, 1, 0, 0],[0, 0, 0, 0, 0, 0, 0],[0, 0, 0, 0, 0, 0, 0],[0, 0, 0, 0, 0, 0, 0],[0, 0, 0, 0, 0, 0, 0],[0, 0, 0, 0, 0, 0, 0],[0, 0, 0, 0, 0, 0, 0]],[[0, 0, 0, 0, 0, 0, 0],[0, 0, 0, 0, 0, 0, 0],[1, 0, 0, 0, 0, 0, 0],[1, 0, 0, 0, 0, 0, 0],[1, 0, 0, 0, 0, 0, 0],[0, 0, 0, 0, 0, 0, 0],[0, 0, 0, 0, 0, 0, 0]]];

L_55 := LieAlgebra(Rationals, mat_55);

S_55 := SemiSimpleType(L_55);

PrintTo("*stdout*","55. ", S_55,"\n");

mat_56 :=[[[0, 0, 0, 0, 0, 0, 0],[0, 0, 1, 1, 1, 0, 0],[0, 0, 0, 0, 0, 0, 0],[0, 0, 0, 0, 0, 0, 0],[0, 0, 0, 0, 0, 0, 0],[0, 0, 0, 0, 0, 0, 0],[0, 0, 0, 0, 0, 0, 0]],[[0, 0, 0, 0, 0, 0, 0],[0, 0, 0, 0, 0, 0, 0],[0, 1, 0, 0, 0, 0, 0],[0, 1, 0, 0, 0, 0, 0],[0, 1, 0, 0, 0, 0, 0],[0, 0, 0, 0, 0, 0, 0],[0, 0, 0, 0, 0, 0, 0]]];

L_56 := LieAlgebra(Rationals, mat_56);

S_56 := SemiSimpleType(L_56);

PrintTo("*stdout*","56. ", S_56,"\n");

mat_57 :=[[[0, 0, 1, 1, 1, 0, 1],[0, 0, 0, 0, 0, 0, 0],[0, 0, 0, 0, 0, 0, 0],[0, 0, 0, 0, 0, 0, 0],[0, 0, 0, 0, 0, 0, 0],[0, 0, 0, 0, 0, 0, 0],[0, 0, 0, 0, 0, 0, 0]],[[0, 0, 0, 0, 0, 0, 0],[0, 0, 0, 0, 0, 0, 0],[1, 0, 0, 0, 0, 0, 0],[1, 0, 0, 0, 0, 0, 0],[1, 0, 0, 0, 0, 0, 0],[0, 0, 0, 0, 0, 0, 0],[1, 0, 0, 0, 0, 0, 0]]];

L_57 := LieAlgebra(Rationals, mat_57);

S_57 := SemiSimpleType(L_57);

PrintTo("*stdout*","57. ", S_57,"\n");

mat_58 :=[[[0, 0, 0, 0, 0, 0, 0],[0, 0, 1, 1, 1, 0, 1],[0, 0, 0, 0, 0, 0, 0],[0, 0, 0, 0, 0, 0, 0],[0, 0, 0, 0, 0, 0, 0],[0, 0, 0, 0, 0, 0, 0],[0, 0, 0, 0, 0, 0, 0]],[[0, 0, 0, 0, 0, 0, 0],[0, 0, 0, 0, 0, 0, 0],[0, 1, 0, 0, 0, 0, 0],[0, 1, 0, 0, 0, 0, 0],[0, 1, 0, 0, 0, 0, 0],[0, 0, 0, 0, 0, 0, 0],[0, 1, 0, 0, 0, 0, 0]]];

L_58 := LieAlgebra(Rationals, mat_58);

S_58 := SemiSimpleType(L_58);

PrintTo("*stdout*","58. ", S_58,"\n");

mat_59 :=[[[0, 0, 1, 1, 1, 1, 0],[0, 0, 0, 0, 0, 0, 0],[0, 0, 0, 0, 0, 0, 0],[0, 0, 0, 0, 0, 0, 0],[0, 0, 0, 0, 0, 0, 0],[0, 0, 0, 0, 0, 0, 0],[0, 0, 0, 0, 0, 0, 0]],[[0, 0, 0, 0, 0, 0, 0],[0, 0, 0, 0, 0, 0, 0],[1, 0, 0, 0, 0, 0, 0],[1, 0, 0, 0, 0, 0, 0],[1, 0, 0, 0, 0, 0, 0],[1, 0, 0, 0, 0, 0, 0],[0, 0, 0, 0, 0, 0, 0]]];

L_59 := LieAlgebra(Rationals, mat_59);

S_59 := SemiSimpleType(L_59);

PrintTo("*stdout*","59. ", S_59,"\n");

mat_60 :=[[[0, 0, 0, 0, 0, 0, 0],[0, 0, 1, 1, 1, 1, 0],[0, 0, 0, 0, 0, 0, 0],[0, 0, 0, 0, 0, 0, 0],[0, 0, 0, 0, 0, 0, 0],[0, 0, 0, 0, 0, 0, 0],[0, 0, 0, 0, 0, 0, 0]],[[0, 0, 0, 0, 0, 0, 0],[0, 0, 0, 0, 0, 0, 0],[0, 1, 0, 0, 0, 0, 0],[0, 1, 0, 0, 0, 0, 0],[0, 1, 0, 0, 0, 0, 0],[0, 1, 0, 0, 0, 0, 0],[0, 0, 0, 0, 0, 0, 0]]];

L_60 := LieAlgebra(Rationals, mat_60);

S_60 := SemiSimpleType(L_60);

PrintTo("*stdout*","60. ", S_60,"\n");

mat_61 :=[[[0, 0, 1, 1, 1, 1, 1],[0, 0, 0, 0, 0, 0, 0],[0, 0, 0, 0, 0, 0, 0],[0, 0, 0, 0, 0, 0, 0],[0, 0, 0, 0, 0, 0, 0],[0, 0, 0, 0, 0, 0, 0],[0, 0, 0, 0, 0, 0, 0]],[[0, 0, 0, 0, 0, 0, 0],[0, 0, 0, 0, 0, 0, 0],[1, 0, 0, 0, 0, 0, 0],[1, 0, 0, 0, 0, 0, 0],[1, 0, 0, 0, 0, 0, 0],[1, 0, 0, 0, 0, 0, 0],[1, 0, 0, 0, 0, 0, 0]]];

L_61 := LieAlgebra(Rationals, mat_61);

S_61 := SemiSimpleType(L_61);

PrintTo("*stdout*","61. ", S_61,"\n");

mat_62 :=[[[0, 0, 0, 0, 0, 0, 0],[0, 0, 1, 1, 1, 1, 1],[0, 0, 0, 0, 0, 0, 0],[0, 0, 0, 0, 0, 0, 0],[0, 0, 0, 0, 0, 0, 0],[0, 0, 0, 0, 0, 0, 0],[0, 0, 0, 0, 0, 0, 0]],[[0, 0, 0, 0, 0, 0, 0],[0, 0, 0, 0, 0, 0, 0],[0, 1, 0, 0, 0, 0, 0],[0, 1, 0, 0, 0, 0, 0],[0, 1, 0, 0, 0, 0, 0],[0, 1, 0, 0, 0, 0, 0],[0, 1, 0, 0, 0, 0, 0]]];

L_62 := LieAlgebra(Rationals, mat_62);

S_62 := SemiSimpleType(L_62);

PrintTo("*stdout*","62. ", S_62,"\n");

