mat_1 :=[[[0, 0, 0, 4, 3, 0, 0, 0, 0],[0, 0, 1, 9, 2, 0, 0, 0, 0],[0, 0, 0, 0, 0, 0, 0, 0, 0],[0, 0, 0, 0, 0, 0, 7, 0, 0],[0, 0, 0, 0, 0, 0, 0, 0, 0],[0, 0, 0, 0, 0, 0, 0, 7, 9],[0, 0, 0, 0, 0, 0, 0, 10, 0],[0, 0, 0, 0, 0, 0, 0, 0, 0],[0, 0, 0, 0, 0, 0, 0, 0, 0]],[[0, 0, 0, 0, 0, 0, 0, 0, 0],[0, 0, 0, 0, 0, 0, 0, 0, 0],[0, 5, 0, 0, 0, 0, 0, 0, 0],[2, 9, 0, 0, 0, 0, 0, 0, 0],[6, 5, 0, 0, 0, 0, 0, 0, 0],[0, 0, 0, 0, 0, 0, 0, 0, 0],[0, 0, 0, 7, 0, 0, 0, 0, 0],[0, 0, 0, 0, 0, 5, 6, 0, 0],[0, 0, 0, 0, 0, 8, 0, 0, 0]]];

L_1 := LieAlgebra(Rationals, mat_1);

S_1 := SemiSimpleType(L_1);

PrintTo("*stdout*",S_1,"\n");

mat_2 :=[[[0, 0, 5, 0, 0, 0, 0, 0, 0],[0, 0, 0, 2, 0, 0, 0, 0, 0],[0, 0, 0, 0, 0, 0, 7, 0, 0],[0, 0, 0, 0, 0, 0, 1, 0, 0],[0, 0, 0, 0, 0, 0, 7, 0, 0],[0, 0, 0, 0, 0, 0, 0, 0, 0],[0, 0, 0, 0, 0, 0, 0, 4, 0],[0, 0, 0, 0, 0, 0, 0, 0, 0],[0, 0, 0, 0, 0, 0, 0, 0, 0]],[[0, 0, 0, 0, 0, 0, 0, 0, 0],[0, 0, 0, 0, 0, 0, 0, 0, 0],[6, 0, 0, 0, 0, 0, 0, 0, 0],[0, 3, 0, 0, 0, 0, 0, 0, 0],[0, 0, 0, 0, 0, 0, 0, 0, 0],[0, 0, 0, 0, 0, 0, 0, 0, 0],[0, 0, 7, 3, 3, 0, 0, 0, 0],[0, 0, 0, 0, 0, 0, 8, 0, 0],[0, 0, 0, 0, 0, 0, 0, 0, 0]]];

L_2 := LieAlgebra(Rationals, mat_2);

S_2 := SemiSimpleType(L_2);

PrintTo("*stdout*",S_2,"\n");

mat_3 :=[[[0, 0, 8, 8, 8, 0, 0, 0, 0],[0, 0, 0, 5, 1, 0, 0, 0, 0],[0, 0, 0, 0, 0, 0, 0, 0, 0],[0, 0, 0, 0, 0, 2, 0, 0, 0],[0, 0, 0, 0, 0, 0, 0, 0, 0],[0, 0, 0, 0, 0, 0, 0, 0, 0],[0, 0, 0, 0, 0, 0, 0, 0, 8],[0, 0, 0, 0, 0, 0, 0, 0, 0],[0, 0, 0, 0, 0, 0, 0, 0, 0]],[[0, 0, 0, 0, 0, 0, 0, 0, 0],[0, 0, 0, 0, 0, 0, 0, 0, 0],[4, 0, 0, 0, 0, 0, 0, 0, 0],[5, 5, 0, 0, 0, 0, 0, 0, 0],[5, 2, 0, 0, 0, 0, 0, 0, 0],[0, 0, 0, 8, 0, 0, 0, 0, 0],[0, 0, 0, 0, 0, 0, 0, 0, 0],[0, 0, 0, 0, 0, 0, 0, 0, 0],[0, 0, 0, 0, 0, 0, 2, 0, 0]]];

L_3 := LieAlgebra(Rationals, mat_3);

S_3 := SemiSimpleType(L_3);

PrintTo("*stdout*",S_3,"\n");

mat_4 :=[[[0, 0, 7, 0, 0, 0, 0, 0, 0],[0, 0, 0, 7, 0, 0, 0, 0, 0],[0, 0, 0, 0, 0, 0, 4, 0, 0],[0, 0, 0, 0, 0, 7, 0, 0, 0],[0, 0, 0, 0, 0, 0, 0, 0, 0],[0, 0, 0, 0, 0, 0, 0, 0, 0],[0, 0, 0, 0, 0, 0, 0, 6, 9],[0, 0, 0, 0, 0, 0, 0, 0, 0],[0, 0, 0, 0, 0, 0, 0, 0, 0]],[[0, 0, 0, 0, 0, 0, 0, 0, 0],[0, 0, 0, 0, 0, 0, 0, 0, 0],[7, 0, 0, 0, 0, 0, 0, 0, 0],[0, 10, 0, 0, 0, 0, 0, 0, 0],[0, 0, 0, 0, 0, 0, 0, 0, 0],[0, 0, 0, 8, 0, 0, 0, 0, 0],[0, 0, 7, 0, 0, 0, 0, 0, 0],[0, 0, 0, 0, 0, 0, 6, 0, 0],[0, 0, 0, 0, 0, 0, 3, 0, 0]]];

L_4 := LieAlgebra(Rationals, mat_4);

S_4 := SemiSimpleType(L_4);

PrintTo("*stdout*",S_4,"\n");

mat_5 :=[[[0, 0, 7, 0, 0, 0, 0, 0, 0],[0, 0, 8, 0, 0, 0, 0, 0, 0],[0, 0, 0, 0, 0, 2, 7, 0, 0],[0, 0, 0, 0, 0, 10, 4, 0, 0],[0, 0, 0, 0, 0, 7, 6, 0, 0],[0, 0, 0, 0, 0, 0, 0, 2, 6],[0, 0, 0, 0, 0, 0, 0, 3, 8],[0, 0, 0, 0, 0, 0, 0, 0, 0],[0, 0, 0, 0, 0, 0, 0, 0, 0]],[[0, 0, 0, 0, 0, 0, 0, 0, 0],[0, 0, 0, 0, 0, 0, 0, 0, 0],[6, 6, 0, 0, 0, 0, 0, 0, 0],[0, 0, 0, 0, 0, 0, 0, 0, 0],[0, 0, 0, 0, 0, 0, 0, 0, 0],[0, 0, 2, 10, 1, 0, 0, 0, 0],[0, 0, 8, 8, 6, 0, 0, 0, 0],[0, 0, 0, 0, 0, 6, 1, 0, 0],[0, 0, 0, 0, 0, 4, 3, 0, 0]]];

L_5 := LieAlgebra(Rationals, mat_5);

S_5 := SemiSimpleType(L_5);

PrintTo("*stdout*",S_5,"\n");

mat_6 :=[[[0, 0, 0, 5, 0, 0, 0, 0, 0],[0, 0, 4, 3, 0, 0, 0, 0, 0],[0, 0, 0, 0, 0, 10, 0, 0, 0],[0, 0, 0, 0, 0, 8, 7, 0, 0],[0, 0, 0, 0, 0, 3, 9, 0, 0],[0, 0, 0, 0, 0, 0, 0, 0, 0],[0, 0, 0, 0, 0, 0, 0, 0, 6],[0, 0, 0, 0, 0, 0, 0, 0, 0],[0, 0, 0, 0, 0, 0, 0, 0, 0]],[[0, 0, 0, 0, 0, 0, 0, 0, 0],[0, 0, 0, 0, 0, 0, 0, 0, 0],[0, 5, 0, 0, 0, 0, 0, 0, 0],[1, 2, 0, 0, 0, 0, 0, 0, 0],[0, 0, 0, 0, 0, 0, 0, 0, 0],[0, 0, 4, 4, 8, 0, 0, 0, 0],[0, 0, 0, 5, 8, 0, 0, 0, 0],[0, 0, 0, 0, 0, 0, 0, 0, 0],[0, 0, 0, 0, 0, 0, 9, 0, 0]]];

L_6 := LieAlgebra(Rationals, mat_6);

S_6 := SemiSimpleType(L_6);

PrintTo("*stdout*",S_6,"\n");

mat_7 :=[[[0, 0, 4, 1, 2, 0, 0, 0, 0],[0, 0, 5, 0, 0, 0, 0, 0, 0],[0, 0, 0, 0, 0, 9, 6, 0, 0],[0, 0, 0, 0, 0, 0, 1, 0, 0],[0, 0, 0, 0, 0, 0, 0, 0, 0],[0, 0, 0, 0, 0, 0, 0, 0, 10],[0, 0, 0, 0, 0, 0, 0, 3, 9],[0, 0, 0, 0, 0, 0, 0, 0, 0],[0, 0, 0, 0, 0, 0, 0, 0, 0]],[[0, 0, 0, 0, 0, 0, 0, 0, 0],[0, 0, 0, 0, 0, 0, 0, 0, 0],[6, 2, 0, 0, 0, 0, 0, 0, 0],[2, 0, 0, 0, 0, 0, 0, 0, 0],[7, 0, 0, 0, 0, 0, 0, 0, 0],[0, 0, 10, 0, 0, 0, 0, 0, 0],[0, 0, 9, 9, 0, 0, 0, 0, 0],[0, 0, 0, 0, 0, 0, 5, 0, 0],[0, 0, 0, 0, 0, 6, 8, 0, 0]]];

L_7 := LieAlgebra(Rationals, mat_7);

S_7 := SemiSimpleType(L_7);

PrintTo("*stdout*",S_7,"\n");

mat_8 :=[[[0, 0, 8, 0, 9, 0, 0, 0, 0],[0, 0, 10, 1, 0, 0, 0, 0, 0],[0, 0, 0, 0, 0, 2, 7, 0, 0],[0, 0, 0, 0, 0, 1, 3, 0, 0],[0, 0, 0, 0, 0, 2, 7, 0, 0],[0, 0, 0, 0, 0, 0, 0, 0, 9],[0, 0, 0, 0, 0, 0, 0, 3, 2],[0, 0, 0, 0, 0, 0, 0, 0, 0],[0, 0, 0, 0, 0, 0, 0, 0, 0]],[[0, 0, 0, 0, 0, 0, 0, 0, 0],[0, 0, 0, 0, 0, 0, 0, 0, 0],[6, 6, 0, 0, 0, 0, 0, 0, 0],[0, 2, 0, 0, 0, 0, 0, 0, 0],[10, 0, 0, 0, 0, 0, 0, 0, 0],[0, 0, 2, 5, 1, 0, 0, 0, 0],[0, 0, 3, 2, 4, 0, 0, 0, 0],[0, 0, 0, 0, 0, 0, 3, 0, 0],[0, 0, 0, 0, 0, 9, 5, 0, 0]]];

L_8 := LieAlgebra(Rationals, mat_8);

S_8 := SemiSimpleType(L_8);

PrintTo("*stdout*",S_8,"\n");

mat_9 :=[[[0, 0, 0, 8, 1, 0, 0, 0, 0],[0, 0, 0, 2, 7, 0, 0, 0, 0],[0, 0, 0, 0, 0, 0, 0, 0, 0],[0, 0, 0, 0, 0, 0, 0, 0, 0],[0, 0, 0, 0, 0, 0, 10, 0, 0],[0, 0, 0, 0, 0, 0, 0, 7, 4],[0, 0, 0, 0, 0, 0, 0, 4, 1],[0, 0, 0, 0, 0, 0, 0, 0, 0],[0, 0, 0, 0, 0, 0, 0, 0, 0]],[[0, 0, 0, 0, 0, 0, 0, 0, 0],[0, 0, 0, 0, 0, 0, 0, 0, 0],[0, 0, 0, 0, 0, 0, 0, 0, 0],[8, 2, 0, 0, 0, 0, 0, 0, 0],[10, 6, 0, 0, 0, 0, 0, 0, 0],[0, 0, 0, 0, 0, 0, 0, 0, 0],[0, 0, 0, 0, 9, 0, 0, 0, 0],[0, 0, 0, 0, 0, 1, 5, 0, 0],[0, 0, 0, 0, 0, 3, 10, 0, 0]]];

L_9 := LieAlgebra(Rationals, mat_9);

S_9 := SemiSimpleType(L_9);

PrintTo("*stdout*",S_9,"\n");

mat_10 :=[[[0, 0, 3, 5, 10, 0, 0, 0, 0],[0, 0, 8, 7, 9, 0, 0, 0, 0],[0, 0, 0, 0, 0, 10, 5, 0, 0],[0, 0, 0, 0, 0, 8, 2, 0, 0],[0, 0, 0, 0, 0, 0, 2, 0, 0],[0, 0, 0, 0, 0, 0, 0, 0, 0],[0, 0, 0, 0, 0, 0, 0, 2, 0],[0, 0, 0, 0, 0, 0, 0, 0, 0],[0, 0, 0, 0, 0, 0, 0, 0, 0]],[[0, 0, 0, 0, 0, 0, 0, 0, 0],[0, 0, 0, 0, 0, 0, 0, 0, 0],[5, 10, 0, 0, 0, 0, 0, 0, 0],[8, 4, 0, 0, 0, 0, 0, 0, 0],[6, 2, 0, 0, 0, 0, 0, 0, 0],[0, 0, 7, 6, 0, 0, 0, 0, 0],[0, 0, 10, 3, 8, 0, 0, 0, 0],[0, 0, 0, 0, 0, 0, 3, 0, 0],[0, 0, 0, 0, 0, 0, 0, 0, 0]]];

L_10 := LieAlgebra(Rationals, mat_10);

S_10 := SemiSimpleType(L_10);

PrintTo("*stdout*",S_10,"\n");

